X (cm)	Y (cm)	Z
0.750000	2.250000	139.020782
0.600000	2.250000	142.726395
0.450000	2.250000	145.436859
0.300000	2.250000	147.286392
0.150000	2.250000	148.239059
-0.000000	2.250000	148.334442
-0.150000	2.250000	147.455582
-0.300000	2.250000	145.750137
-0.450000	2.250000	143.204590
-0.600000	2.250000	139.852188
-0.750000	2.250000	135.577011
-1.050000	2.100000	136.997330
-0.900000	2.100000	142.857346
-0.750000	2.100000	147.879898
-0.600000	2.100000	152.232391
-0.450000	2.100000	155.800369
-0.300000	2.100000	158.546463
-0.150000	2.100000	160.384552
0.000000	2.100000	161.295685
0.150000	2.100000	161.247116
0.300000	2.100000	160.249802
0.450000	2.100000	158.315735
0.600000	2.100000	155.434875
0.750000	2.100000	151.716614
0.900000	2.100000	147.134995
1.050000	2.100000	141.723923
1.350000	1.950000	139.805191
1.200000	1.950000	147.139191
1.050000	1.950000	153.609787
0.900000	1.950000	159.255585
0.750000	1.950000	164.124252
0.600000	1.950000	168.089828
0.450000	1.950000	171.169907
0.300000	1.950000	173.238083
0.150000	1.950000	174.303055
-0.000000	1.950000	174.352509
-0.150000	1.950000	173.384125
-0.300000	1.950000	171.414825
-0.450000	1.950000	168.498337
-0.600000	1.950000	164.642776
-0.750000	1.950000	159.933441
-0.900000	1.950000	154.519379
-1.050000	1.950000	148.414597
-1.200000	1.950000	141.592255
-1.350000	1.950000	133.976974
-1.500000	1.800000	136.118912
-1.350000	1.800000	144.565948
-1.200000	1.800000	152.424515
-1.050000	1.800000	159.604782
-0.900000	1.800000	166.116730
-0.750000	1.800000	171.962189
-0.600000	1.800000	176.966156
-0.450000	1.800000	181.005890
-0.300000	1.800000	184.128876
-0.150000	1.800000	186.213974
0.000000	1.800000	187.249298
0.150000	1.800000	187.209198
0.300000	1.800000	186.075241
0.450000	1.800000	183.895935
0.600000	1.800000	180.651917
0.750000	1.800000	176.465866
0.900000	1.800000	171.317719
1.050000	1.800000	165.310226
1.200000	1.800000	158.488174
1.350000	1.800000	151.021820
1.500000	1.800000	142.762421
1.650000	1.650000	143.977859
1.500000	1.650000	152.975708
1.350000	1.650000	161.603851
1.200000	1.650000	169.426422
1.050000	1.650000	176.710358
0.900000	1.650000	183.000504
0.750000	1.650000	188.443665
0.600000	1.650000	192.860748
0.450000	1.650000	196.277222
0.300000	1.650000	198.577927
0.150000	1.650000	199.778412
-0.000000	1.650000	199.838242
-0.150000	1.650000	198.774139
-0.300000	1.650000	196.591583
-0.450000	1.650000	193.322418
-0.600000	1.650000	189.033722
-0.750000	1.650000	183.760345
-0.900000	1.650000	177.626297
-1.050000	1.650000	170.672516
-1.200000	1.650000	163.096420
-1.350000	1.650000	154.824310
-1.500000	1.650000	145.952881
-1.650000	1.650000	136.678894
-1.800000	1.500000	135.394974
-1.650000	1.500000	145.412888
-1.500000	1.500000	155.202682
-1.350000	1.500000	164.522751
-1.200000	1.500000	173.226196
-1.050000	1.500000	181.070267
-0.900000	1.500000	188.423096
-0.750000	1.500000	194.885712
-0.600000	1.500000	200.379272
-0.450000	1.500000	204.817230
-0.300000	1.500000	208.206619
-0.150000	1.500000	210.468109
0.000000	1.500000	211.573074
0.150000	1.500000	211.524582
0.300000	1.500000	210.294266
0.450000	1.500000	207.937653
0.600000	1.500000	204.406158
0.750000	1.500000	199.834915
0.900000	1.500000	194.154266
1.050000	1.500000	187.578369
1.200000	1.500000	180.048996
1.350000	1.500000	171.790741
1.500000	1.500000	162.782974
1.650000	1.500000	153.341507
1.800000	1.500000	143.151093
1.950000	1.350000	140.434967
1.800000	1.350000	151.418304
1.650000	1.350000	161.975800
1.500000	1.350000	171.772873
1.350000	1.350000	181.216110
1.200000	1.350000	189.820633
1.050000	1.350000	197.703094
0.900000	1.350000	204.481995
0.750000	1.350000	210.336212
0.600000	1.350000	215.024872
0.450000	1.350000	218.666412
0.300000	1.350000	221.112228
0.150000	1.350000	222.389359
-0.000000	1.350000	222.458176
-0.150000	1.350000	221.346069
-0.300000	1.350000	219.019608
-0.450000	1.350000	215.536789
-0.600000	1.350000	210.966965
-0.750000	1.350000	205.317703
-0.900000	1.350000	198.661743
-1.050000	1.350000	191.015778
-1.200000	1.350000	182.625885
-1.350000	1.350000	173.700455
-1.500000	1.350000	163.986893
-1.650000	1.350000	153.715851
-1.800000	1.350000	143.153122
-1.950000	1.350000	132.583603
-1.950000	1.200000	139.393921
-1.800000	1.200000	150.492218
-1.650000	1.200000	161.523972
-1.500000	1.200000	172.174805
-1.350000	1.200000	182.253601
-1.200000	1.200000	191.473358
-1.050000	1.200000	200.190338
-0.900000	1.200000	208.042648
-0.750000	1.200000	214.924194
-0.600000	1.200000	220.709137
-0.450000	1.200000	225.405548
-0.300000	1.200000	228.969360
-0.150000	1.200000	231.357254
0.000000	1.200000	232.504791
0.150000	1.200000	232.431885
0.300000	1.200000	231.138275
0.450000	1.200000	228.626251
0.600000	1.200000	224.926102
0.750000	1.200000	220.078323
0.900000	1.200000	214.118073
1.050000	1.200000	207.113815
1.200000	1.200000	199.086487
1.350000	1.200000	190.147217
1.500000	1.200000	180.496994
1.650000	1.200000	170.133286
1.800000	1.200000	159.303360
1.950000	1.200000	148.067490
2.100000	1.050000	142.816681
1.950000	1.050000	154.722427
1.800000	1.050000	166.313568
1.650000	1.050000	177.561188
1.500000	1.050000	188.209534
1.350000	1.050000	198.197052
1.200000	1.050000	207.374023
1.050000	1.050000	215.564133
0.900000	1.050000	222.757034
0.750000	1.050000	228.838013
0.600000	1.050000	233.795731
0.450000	1.050000	237.568329
0.300000	1.050000	240.151443
0.150000	1.050000	241.477081
-0.000000	1.050000	241.568161
-0.150000	1.050000	240.414093
-0.300000	1.050000	238.025848
-0.450000	1.050000	234.387299
-0.600000	1.050000	229.584885
-0.750000	1.050000	223.650467
-0.900000	1.050000	216.648346
-1.050000	1.050000	208.626663
-1.200000	1.050000	199.681030
-1.350000	1.050000	190.024414
-1.500000	1.050000	179.637970
-1.650000	1.050000	168.781631
-1.800000	1.050000	157.279556
-1.950000	1.050000	145.702545
-2.100000	1.050000	134.416962
-2.100000	0.900000	139.364578
-1.950000	0.900000	151.322723
-1.800000	0.900000	163.320297
-1.650000	0.900000	175.102631
-1.500000	0.900000	186.210403
-1.350000	0.900000	196.910522
-1.200000	0.900000	206.820160
-1.050000	0.900000	215.932129
-0.900000	0.900000	224.120407
-0.750000	0.900000	231.295776
-0.600000	0.900000	237.339813
-0.450000	0.900000	242.201202
-0.300000	0.900000	245.900513
-0.150000	0.900000	248.334808
0.000000	0.900000	249.517365
0.150000	0.900000	249.428802
0.300000	0.900000	248.068558
0.450000	0.900000	245.439423
0.600000	0.900000	241.625275
0.750000	0.900000	236.577393
0.900000	0.900000	230.407181
1.050000	0.900000	223.055420
1.200000	0.900000	214.791473
1.350000	0.900000	205.374969
1.500000	0.900000	195.263367
1.650000	0.900000	184.239304
1.800000	0.900000	172.667999
1.950000	0.900000	160.806976
2.100000	0.900000	148.503235
2.250000	0.750000	140.392181
2.100000	0.750000	153.198029
1.950000	0.750000	165.831787
1.800000	0.750000	177.906693
1.650000	0.750000	189.829208
1.500000	0.750000	201.056229
1.350000	0.750000	211.361664
1.200000	0.750000	220.906860
1.050000	0.750000	229.364304
0.900000	0.750000	236.787643
0.750000	0.750000	243.043991
0.600000	0.750000	248.156052
0.450000	0.750000	252.066895
0.300000	0.750000	254.754547
0.150000	0.750000	256.173553
-0.000000	0.750000	256.278076
-0.150000	0.750000	255.096832
-0.300000	0.750000	252.612015
-0.450000	0.750000	248.904297
-0.600000	0.750000	243.950684
-0.750000	0.750000	237.841217
-0.900000	0.750000	230.576248
-1.050000	0.750000	222.240845
-1.200000	0.750000	212.946777
-1.350000	0.750000	202.827637
-1.500000	0.750000	191.888016
-1.650000	0.750000	180.591263
-1.800000	0.750000	168.522415
-1.950000	0.750000	156.203125
-2.100000	0.750000	143.795898
-2.250000	0.600000	135.386871
-2.100000	0.600000	147.532486
-1.950000	0.600000	160.286819
-1.800000	0.600000	172.820648
-1.650000	0.600000	185.030533
-1.500000	0.600000	196.598770
-1.350000	0.600000	207.705719
-1.200000	0.600000	217.977783
-1.050000	0.600000	227.381882
-0.900000	0.600000	235.839523
-0.750000	0.600000	243.226105
-0.600000	0.600000	249.410492
-0.450000	0.600000	254.429962
-0.300000	0.600000	258.233673
-0.150000	0.600000	260.774475
0.000000	0.600000	261.991180
0.150000	0.600000	261.875214
0.300000	0.600000	260.427185
0.450000	0.600000	257.691315
0.600000	0.600000	253.687057
0.750000	0.600000	248.507050
0.900000	0.600000	242.175171
1.050000	0.600000	234.668976
1.200000	0.600000	226.136795
1.350000	0.600000	216.511185
1.500000	0.600000	206.041382
1.650000	0.600000	194.675751
1.800000	0.600000	182.658340
1.950000	0.600000	170.197601
2.100000	0.600000	157.423355
2.250000	0.600000	144.430878
2.250000	0.450000	147.439850
2.100000	0.450000	160.514832
1.950000	0.450000	173.476532
1.800000	0.450000	186.170593
1.650000	0.450000	198.317001
1.500000	0.450000	209.782547
1.350000	0.450000	220.363113
1.200000	0.450000	230.065155
1.050000	0.450000	238.696335
0.900000	0.450000	246.264008
0.750000	0.450000	252.685349
0.600000	0.450000	257.961639
0.450000	0.450000	262.047119
0.300000	0.450000	264.874817
0.150000	0.450000	266.358887
-0.000000	0.450000	266.494415
-0.150000	0.450000	265.271301
-0.300000	0.450000	262.680878
-0.450000	0.450000	258.827911
-0.600000	0.450000	253.721024
-0.750000	0.450000	247.460052
-0.900000	0.450000	240.038696
-1.050000	0.450000	231.509201
-1.200000	0.450000	221.990555
-1.350000	0.450000	211.621170
-1.500000	0.450000	200.318863
-1.650000	0.450000	188.650864
-1.800000	0.450000	176.202744
-1.950000	0.450000	163.470352
-2.100000	0.450000	150.494659
-2.250000	0.450000	137.995651
-2.250000	0.300000	139.808258
-2.100000	0.300000	152.637482
-1.950000	0.300000	165.782990
-1.800000	0.300000	178.500214
-1.650000	0.300000	190.980133
-1.500000	0.300000	202.928940
-1.350000	0.300000	214.314285
-1.200000	0.300000	224.783234
-1.050000	0.300000	234.374359
-0.900000	0.300000	242.952469
-0.750000	0.300000	250.467896
-0.600000	0.300000	256.785034
-0.450000	0.300000	261.947479
-0.300000	0.300000	265.867493
-0.150000	0.300000	268.502808
0.000000	0.300000	269.757965
0.150000	0.300000	269.610291
0.300000	0.300000	268.088806
0.450000	0.300000	265.208862
0.600000	0.300000	261.064758
0.750000	0.300000	255.718185
0.900000	0.300000	249.258453
1.050000	0.300000	241.645309
1.200000	0.300000	232.969513
1.350000	0.300000	223.203949
1.500000	0.300000	212.578766
1.650000	0.300000	200.958420
1.800000	0.300000	188.755966
1.950000	0.300000	175.886841
2.100000	0.300000	162.870026
2.250000	0.300000	149.566833
2.250000	0.150000	150.764923
2.100000	0.150000	164.033508
1.950000	0.150000	177.137863
1.800000	0.150000	190.033417
1.650000	0.150000	202.382278
1.500000	0.150000	214.010620
1.350000	0.150000	224.721283
1.200000	0.150000	234.495026
1.050000	0.150000	243.233200
0.900000	0.150000	250.895172
0.750000	0.150000	257.397156
0.600000	0.150000	262.792145
0.450000	0.150000	266.992615
0.300000	0.150000	269.913544
0.150000	0.150000	271.467224
-0.000000	0.150000	271.627350
-0.150000	0.150000	270.383484
-0.300000	0.150000	267.732605
-0.450000	0.150000	263.795227
-0.600000	0.150000	258.603790
-0.750000	0.150000	252.216309
-0.900000	0.150000	244.729492
-1.050000	0.150000	236.072556
-1.200000	0.150000	226.434540
-1.350000	0.150000	215.913498
-1.500000	0.150000	204.448166
-1.650000	0.150000	192.412125
-1.800000	0.150000	179.798370
-1.950000	0.150000	167.145660
-2.100000	0.150000	153.886917
-2.250000	0.150000	140.857285
-2.250000	0.000000	141.142776
-2.100000	0.000000	154.227371
-1.950000	0.000000	167.444000
-1.800000	0.000000	180.042236
-1.650000	0.000000	192.681763
-1.500000	0.000000	204.830002
-1.350000	0.000000	216.291061
-1.200000	0.000000	226.830154
-1.050000	0.000000	236.494751
-0.900000	0.000000	245.117157
-0.750000	0.000000	252.665405
-0.600000	0.000000	259.032715
-0.450000	0.000000	264.236267
-0.300000	0.000000	268.201630
-0.150000	0.000000	270.854462
0.000000	0.000000	272.102295
0.150000	0.000000	271.951111
0.300000	0.000000	270.398987
0.450000	0.000000	267.466827
0.600000	0.000000	263.266876
0.750000	0.000000	257.835022
0.900000	0.000000	251.344635
1.050000	0.000000	243.646408
1.200000	0.000000	234.985794
1.350000	0.000000	225.121750
1.500000	0.000000	214.355560
1.650000	0.000000	202.848114
1.800000	0.000000	190.371033
1.950000	0.000000	177.627380
2.100000	0.000000	164.336655
2.250000	0.000000	151.140930
2.400000	0.000000	135.377533
2.250000	-0.150000	150.444672
2.100000	-0.150000	163.502045
1.950000	-0.150000	176.842834
1.800000	-0.150000	189.534378
1.650000	-0.150000	202.013748
1.500000	-0.150000	213.529694
1.350000	-0.150000	224.264236
1.200000	-0.150000	234.112335
1.050000	-0.150000	242.756912
0.900000	-0.150000	250.447830
0.750000	-0.150000	256.944916
0.600000	-0.150000	262.350922
0.450000	-0.150000	266.535034
0.300000	-0.150000	269.465607
0.150000	-0.150000	271.019958
-0.000000	-0.150000	271.187439
-0.150000	-0.150000	269.954315
-0.300000	-0.150000	267.318939
-0.450000	-0.150000	263.394806
-0.600000	-0.150000	258.203308
-0.750000	-0.150000	251.872147
-0.900000	-0.150000	244.370895
-1.050000	-0.150000	235.748016
-1.200000	-0.150000	226.110504
-1.350000	-0.150000	215.550812
-1.500000	-0.150000	204.101013
-1.650000	-0.150000	191.970551
-1.800000	-0.150000	179.346680
-1.950000	-0.150000	166.715424
-2.100000	-0.150000	153.625931
-2.250000	-0.150000	140.611435
-2.250000	-0.300000	139.212585
-2.100000	-0.300000	152.122971
-1.950000	-0.300000	164.931519
-1.800000	-0.300000	177.548004
-1.650000	-0.300000	190.125809
-1.500000	-0.300000	202.167938
-1.350000	-0.300000	213.597824
-1.200000	-0.300000	224.116821
-1.050000	-0.300000	233.735077
-0.900000	-0.300000	242.308868
-0.750000	-0.300000	249.777191
-0.600000	-0.300000	256.044037
-0.450000	-0.300000	261.171661
-0.300000	-0.300000	265.049927
-0.150000	-0.300000	267.639435
0.000000	-0.300000	268.860870
0.150000	-0.300000	268.702057
0.300000	-0.300000	267.168518
0.450000	-0.300000	264.297821
0.600000	-0.300000	260.149567
0.750000	-0.300000	254.818970
0.900000	-0.300000	248.378952
1.050000	-0.300000	240.756500
1.200000	-0.300000	232.058960
1.350000	-0.300000	222.302200
1.500000	-0.300000	211.665726
1.650000	-0.300000	200.141144
1.800000	-0.300000	187.865936
1.950000	-0.300000	175.161774
2.100000	-0.300000	162.124237
2.250000	-0.300000	148.879669
2.250000	-0.450000	146.459549
2.100000	-0.450000	159.461395
1.950000	-0.450000	172.380630
1.800000	-0.450000	184.881485
1.650000	-0.450000	197.091949
1.500000	-0.450000	208.496658
1.350000	-0.450000	219.108673
1.200000	-0.450000	228.741943
1.050000	-0.450000	237.416794
0.900000	-0.450000	245.000168
0.750000	-0.450000	251.386200
0.600000	-0.450000	256.637146
0.450000	-0.450000	260.721985
0.300000	-0.450000	263.538147
0.150000	-0.450000	265.046204
-0.000000	-0.450000	265.209381
-0.150000	-0.450000	264.027130
-0.300000	-0.450000	261.495483
-0.450000	-0.450000	257.697571
-0.600000	-0.450000	252.662506
-0.750000	-0.450000	246.449249
-0.900000	-0.450000	239.049561
-1.050000	-0.450000	230.543167
-1.200000	-0.450000	221.014282
-1.350000	-0.450000	210.506012
-1.500000	-0.450000	199.193192
-1.650000	-0.450000	187.253998
-1.800000	-0.450000	174.820648
-1.950000	-0.450000	162.297546
-2.100000	-0.450000	149.688858
-2.250000	-0.450000	137.073898
-2.250000	-0.600000	134.062607
-2.100000	-0.600000	146.398529
-1.950000	-0.600000	158.817612
-1.800000	-0.600000	171.092163
-1.650000	-0.600000	183.323761
-1.500000	-0.600000	195.110580
-1.350000	-0.600000	206.315964
-1.200000	-0.600000	216.709793
-1.050000	-0.600000	226.166168
-0.900000	-0.600000	234.587677
-0.750000	-0.600000	241.924026
-0.600000	-0.600000	248.020676
-0.450000	-0.600000	252.983475
-0.300000	-0.600000	256.700256
-0.150000	-0.600000	259.178192
0.000000	-0.600000	260.334778
0.150000	-0.600000	260.180359
0.300000	-0.600000	258.717468
0.450000	-0.600000	255.962936
0.600000	-0.600000	251.971512
0.750000	-0.600000	246.805206
0.900000	-0.600000	240.473877
1.050000	-0.600000	232.982208
1.200000	-0.600000	224.407883
1.350000	-0.600000	214.848724
1.500000	-0.600000	204.382019
1.650000	-0.600000	192.978485
1.800000	-0.600000	181.134491
1.950000	-0.600000	168.607941
2.100000	-0.600000	156.103104
2.250000	-0.600000	143.096481
2.250000	-0.750000	138.575409
2.100000	-0.750000	151.670944
1.950000	-0.750000	163.896576
1.800000	-0.750000	176.197845
1.650000	-0.750000	187.817245
1.500000	-0.750000	199.026978
1.350000	-0.750000	209.342529
1.200000	-0.750000	218.797211
1.050000	-0.750000	227.289825
0.900000	-0.750000	234.712112
0.750000	-0.750000	240.963333
0.600000	-0.750000	246.070923
0.450000	-0.750000	249.981979
0.300000	-0.750000	252.677414
0.150000	-0.750000	254.115677
-0.000000	-0.750000	254.269012
-0.150000	-0.750000	253.157074
-0.300000	-0.750000	250.742355
-0.450000	-0.750000	247.115891
-0.600000	-0.750000	242.235229
-0.750000	-0.750000	236.204620
-0.900000	-0.750000	228.970795
-1.050000	-0.750000	220.655884
-1.200000	-0.750000	211.289963
-1.350000	-0.750000	201.072495
-1.500000	-0.750000	190.024429
-1.650000	-0.750000	178.453949
-1.800000	-0.750000	166.456635
-1.950000	-0.750000	154.422653
-2.100000	-0.750000	142.259445
-2.250000	-0.750000	129.885406
-2.100000	-0.900000	137.486420
-1.950000	-0.900000	149.292694
-1.800000	-0.900000	160.993271
-1.650000	-0.900000	172.639923
-1.500000	-0.900000	183.996674
-1.350000	-0.900000	194.824341
-1.200000	-0.900000	204.844894
-1.050000	-0.900000	214.036377
-0.900000	-0.900000	222.196365
-0.750000	-0.900000	229.353226
-0.600000	-0.900000	235.288498
-0.450000	-0.900000	240.082794
-0.300000	-0.900000	243.667068
-0.150000	-0.900000	246.013916
0.000000	-0.900000	247.113358
0.150000	-0.900000	246.965164
0.300000	-0.900000	245.558136
0.450000	-0.900000	242.921310
0.600000	-0.900000	239.056030
0.750000	-0.900000	234.024200
0.900000	-0.900000	227.841675
1.050000	-0.900000	220.530319
1.200000	-0.900000	212.234421
1.350000	-0.900000	202.908188
1.500000	-0.900000	192.965027
1.650000	-0.900000	181.887222
1.800000	-0.900000	170.468567
1.950000	-0.900000	158.634598
2.100000	-0.900000	146.589569
2.100000	-1.050000	140.509796
1.950000	-1.050000	152.338486
1.800000	-1.050000	163.799469
1.650000	-1.050000	174.900497
1.500000	-1.050000	185.439529
1.350000	-1.050000	195.345093
1.200000	-1.050000	204.474594
1.050000	-1.050000	212.661469
0.900000	-1.050000	219.813751
0.750000	-1.050000	225.906174
0.600000	-1.050000	230.844086
0.450000	-1.050000	234.661896
0.300000	-1.050000	237.259232
0.150000	-1.050000	238.646210
-0.000000	-1.050000	238.801117
-0.150000	-1.050000	237.734207
-0.300000	-1.050000	235.416046
-0.450000	-1.050000	231.907959
-0.600000	-1.050000	227.180084
-0.750000	-1.050000	221.354126
-0.900000	-1.050000	214.340729
-1.050000	-1.050000	206.335052
-1.200000	-1.050000	197.339859
-1.350000	-1.050000	187.543869
-1.500000	-1.050000	177.002304
-1.650000	-1.050000	166.023102
-1.800000	-1.050000	154.756653
-1.950000	-1.050000	143.436447
-2.100000	-1.050000	131.820709
-1.950000	-1.200000	136.996521
-1.800000	-1.200000	147.883194
-1.650000	-1.200000	158.669418
-1.500000	-1.200000	169.308350
-1.350000	-1.200000	179.512970
-1.200000	-1.200000	188.955887
-1.050000	-1.200000	197.717880
-0.900000	-1.200000	205.512177
-0.750000	-1.200000	212.395798
-0.600000	-1.200000	218.084351
-0.450000	-1.200000	222.717499
-0.300000	-1.200000	226.154907
-0.150000	-1.200000	228.427826
0.000000	-1.200000	229.484222
0.150000	-1.200000	229.330856
0.300000	-1.200000	227.975006
0.450000	-1.200000	225.427032
0.600000	-1.200000	221.702225
0.750000	-1.200000	216.842407
0.900000	-1.200000	210.917923
1.050000	-1.200000	203.877472
1.200000	-1.200000	195.950378
1.350000	-1.200000	187.004196
1.500000	-1.200000	177.500031
1.650000	-1.200000	167.233612
1.800000	-1.200000	156.580963
1.950000	-1.200000	145.479095
1.950000	-1.350000	137.383087
1.800000	-1.350000	148.580795
1.650000	-1.350000	158.775177
1.500000	-1.350000	168.645401
1.350000	-1.350000	177.779144
1.200000	-1.350000	186.395309
1.050000	-1.350000	194.085999
0.900000	-1.350000	200.964218
0.750000	-1.350000	206.747681
0.600000	-1.350000	211.452957
0.450000	-1.350000	215.132324
0.300000	-1.350000	217.621216
0.150000	-1.350000	218.951019
-0.000000	-1.350000	219.107010
-0.150000	-1.350000	218.090851
-0.300000	-1.350000	215.874634
-0.450000	-1.350000	212.532990
-0.600000	-1.350000	208.016998
-0.750000	-1.350000	202.465302
-0.900000	-1.350000	195.796890
-1.050000	-1.350000	188.216858
-1.200000	-1.350000	179.800598
-1.350000	-1.350000	170.702911
-1.500000	-1.350000	160.936798
-1.650000	-1.350000	150.819000
-1.800000	-1.350000	140.449753
-1.950000	-1.350000	129.354630
-1.800000	-1.500000	132.309418
-1.650000	-1.500000	142.436234
-1.500000	-1.500000	152.040985
-1.350000	-1.500000	161.313782
-1.200000	-1.500000	169.985382
-1.050000	-1.500000	178.057419
-0.900000	-1.500000	185.300095
-0.750000	-1.500000	191.733429
-0.600000	-1.500000	197.114838
-0.450000	-1.500000	201.484695
-0.300000	-1.500000	204.740051
-0.150000	-1.500000	206.899704
0.000000	-1.500000	207.895432
0.150000	-1.500000	207.751007
0.300000	-1.500000	206.460526
0.450000	-1.500000	204.032272
0.600000	-1.500000	200.502167
0.750000	-1.500000	195.885864
0.900000	-1.500000	190.274948
1.050000	-1.500000	183.696381
1.200000	-1.500000	176.323944
1.350000	-1.500000	168.073807
1.500000	-1.500000	159.295761
1.650000	-1.500000	149.921173
1.800000	-1.500000	139.958405
1.650000	-1.650000	140.319107
1.500000	-1.650000	149.377731
1.350000	-1.650000	157.664032
1.200000	-1.650000	165.507233
1.050000	-1.650000	172.550568
0.900000	-1.650000	178.823547
0.750000	-1.650000	184.183167
0.600000	-1.650000	188.612274
0.450000	-1.650000	192.027908
0.300000	-1.650000	194.387085
0.150000	-1.650000	195.638626
-0.000000	-1.650000	195.797012
-0.150000	-1.650000	194.846756
-0.300000	-1.650000	192.773636
-0.450000	-1.650000	189.647614
-0.600000	-1.650000	185.462814
-0.750000	-1.650000	180.330902
-0.900000	-1.650000	174.240189
-1.050000	-1.650000	167.309158
-1.200000	-1.650000	159.665436
-1.350000	-1.650000	151.450195
-1.500000	-1.650000	142.742645
-1.650000	-1.650000	133.469711
-1.500000	-1.800000	132.898285
-1.350000	-1.800000	141.346344
-1.200000	-1.800000	149.035309
-1.050000	-1.800000	156.197479
-0.900000	-1.800000	162.706299
-0.750000	-1.800000	168.506714
-0.600000	-1.800000	173.364639
-0.450000	-1.800000	177.339386
-0.300000	-1.800000	180.306320
-0.150000	-1.800000	182.279022
0.000000	-1.800000	183.184052
0.150000	-1.800000	183.040894
0.300000	-1.800000	181.850266
0.450000	-1.800000	179.611649
0.600000	-1.800000	176.383759
0.750000	-1.800000	172.170929
0.900000	-1.800000	167.079010
1.050000	-1.800000	161.113190
1.200000	-1.800000	154.465210
1.350000	-1.800000	147.112106
1.500000	-1.800000	139.008118
1.350000	-1.950000	135.489532
1.200000	-1.950000	143.047073
1.050000	-1.950000	149.335968
0.900000	-1.950000	154.894333
0.750000	-1.950000	159.680618
0.600000	-1.950000	163.639496
0.450000	-1.950000	166.704163
0.300000	-1.950000	168.832382
0.150000	-1.950000	169.976151
-0.000000	-1.950000	170.123352
-0.150000	-1.950000	169.276123
-0.300000	-1.950000	167.416946
-0.450000	-1.950000	164.636536
-0.600000	-1.950000	160.886322
-0.750000	-1.950000	156.348312
-0.900000	-1.950000	150.947433
-1.050000	-1.950000	144.892258
-1.200000	-1.950000	138.162704
-1.350000	-1.950000	130.311813
-1.050000	-2.100000	133.216339
-0.900000	-2.100000	139.119690
-0.750000	-2.100000	144.185883
-0.600000	-2.100000	148.383881
-0.450000	-2.100000	151.852112
-0.300000	-2.100000	154.443878
-0.150000	-2.100000	156.156464
0.000000	-2.100000	156.958191
0.150000	-2.100000	156.815155
0.300000	-2.100000	155.752228
0.450000	-2.100000	153.774475
0.600000	-2.100000	150.917053
0.750000	-2.100000	147.232269
0.900000	-2.100000	142.740250
1.050000	-2.100000	137.270905
0.750000	-2.250000	134.085312
0.600000	-2.250000	138.045090
0.450000	-2.250000	140.814667
0.300000	-2.250000	142.687958
0.150000	-2.250000	143.695648
-0.000000	-2.250000	143.837753
-0.150000	-2.250000	143.123138
-0.300000	-2.250000	141.530823
-0.450000	-2.250000	139.116592
-0.600000	-2.250000	135.807098
-0.750000	-2.250000	131.379074
0.000000	-2.400000	127.940125
