X (cm)	Y (cm)	Z
0.750000	2.250000	26.265213
0.600000	2.250000	28.159689
0.450000	2.250000	30.030207
0.300000	2.250000	32.007145
0.150000	2.250000	34.014011
-0.000000	2.250000	36.036934
-0.150000	2.250000	38.123787
-0.300000	2.250000	40.210609
-0.450000	2.250000	42.257038
-0.600000	2.250000	44.164894
-0.750000	2.250000	45.760857
-1.050000	2.100000	55.641029
-0.900000	2.100000	53.913288
-0.750000	2.100000	51.795399
-0.600000	2.100000	49.556656
-0.450000	2.100000	47.167236
-0.300000	2.100000	44.754547
-0.150000	2.100000	42.318359
0.000000	2.100000	39.897377
0.150000	2.100000	37.560314
0.300000	2.100000	35.255383
0.450000	2.100000	33.030113
0.600000	2.100000	30.885151
0.750000	2.100000	28.851757
0.900000	2.100000	26.901861
1.050000	2.100000	25.014830
1.350000	1.950000	23.304934
1.200000	1.950000	25.234440
1.050000	1.950000	27.160351
0.900000	1.950000	29.232113
0.750000	1.950000	31.404423
0.600000	1.950000	33.732033
0.450000	1.950000	36.175014
0.300000	1.950000	38.726604
0.150000	1.950000	41.365803
-0.000000	1.950000	44.085114
-0.150000	1.950000	46.863403
-0.300000	1.950000	49.739552
-0.450000	1.950000	52.580738
-0.600000	1.950000	55.427174
-0.750000	1.950000	58.081226
-0.900000	1.950000	60.643055
-1.050000	1.950000	62.879444
-1.200000	1.950000	64.706146
-1.350000	1.950000	65.452965
-1.500000	1.800000	75.402611
-1.350000	1.800000	74.537201
-1.200000	1.800000	72.887466
-1.050000	1.800000	70.696381
-0.900000	1.800000	68.077576
-0.750000	1.800000	64.976112
-0.600000	1.800000	61.877277
-0.450000	1.800000	58.598053
-0.300000	1.800000	55.272331
-0.150000	1.800000	51.915611
0.000000	1.800000	48.583351
0.150000	1.800000	45.478115
0.300000	1.800000	42.459515
0.450000	1.800000	39.534668
0.600000	1.800000	36.738663
0.750000	1.800000	34.150478
0.900000	1.800000	31.688416
1.050000	1.800000	29.373362
1.200000	1.800000	27.214560
1.350000	1.800000	25.162132
1.500000	1.800000	23.292444
1.650000	1.650000	23.031662
1.500000	1.650000	24.947315
1.350000	1.650000	27.012493
1.200000	1.650000	29.249563
1.050000	1.650000	31.644520
0.900000	1.650000	34.203720
0.750000	1.650000	36.999611
0.600000	1.650000	39.940498
0.450000	1.650000	43.062962
0.300000	1.650000	46.391903
0.150000	1.650000	49.878170
-0.000000	1.650000	53.556061
-0.150000	1.650000	57.312752
-0.300000	1.650000	61.248970
-0.450000	1.650000	65.137955
-0.600000	1.650000	68.979408
-0.750000	1.650000	72.675255
-0.900000	1.650000	76.198364
-1.050000	1.650000	79.303024
-1.200000	1.650000	82.052483
-1.350000	1.650000	83.942757
-1.500000	1.650000	85.202553
-1.650000	1.650000	85.619751
-1.800000	1.500000	95.553192
-1.650000	1.500000	96.048103
-1.500000	1.500000	95.449829
-1.350000	1.500000	93.958817
-1.200000	1.500000	91.631332
-1.050000	1.500000	88.609482
-0.900000	1.500000	84.893814
-0.750000	1.500000	80.855949
-0.600000	1.500000	76.565269
-0.450000	1.500000	72.083267
-0.300000	1.500000	67.555138
-0.150000	1.500000	63.066017
0.000000	1.500000	58.706665
0.150000	1.500000	54.507099
0.300000	1.500000	50.493141
0.450000	1.500000	46.736649
0.600000	1.500000	43.206650
0.750000	1.500000	39.916931
0.900000	1.500000	36.847157
1.050000	1.500000	33.982414
1.200000	1.500000	31.291286
1.350000	1.500000	28.844015
1.500000	1.500000	26.585613
1.650000	1.500000	24.503893
1.800000	1.500000	22.557335
1.950000	1.350000	21.842470
1.800000	1.350000	23.816849
1.650000	1.350000	25.890598
1.500000	1.350000	28.151630
1.350000	1.350000	30.628765
1.200000	1.350000	33.314785
1.050000	1.350000	36.171967
0.900000	1.350000	39.392254
0.750000	1.350000	42.804489
0.600000	1.350000	46.447506
0.450000	1.350000	50.430092
0.300000	1.350000	54.674145
0.150000	1.350000	59.206898
-0.000000	1.350000	63.906059
-0.150000	1.350000	68.932526
-0.300000	1.350000	74.082855
-0.450000	1.350000	79.282959
-0.600000	1.350000	84.459755
-0.750000	1.350000	89.473953
-0.900000	1.350000	94.184532
-1.050000	1.350000	98.390686
-1.200000	1.350000	101.969055
-1.350000	1.350000	104.635521
-1.500000	1.350000	106.217331
-1.650000	1.350000	106.960205
-1.800000	1.350000	106.573608
-1.950000	1.200000	116.052475
-1.800000	1.200000	117.587990
-1.650000	1.200000	118.071777
-1.500000	1.200000	117.341492
-1.350000	1.200000	115.370132
-1.200000	1.200000	112.405907
-1.050000	1.200000	108.379295
-0.900000	1.200000	103.677711
-0.750000	1.200000	98.284500
-0.600000	1.200000	92.583542
-0.450000	1.200000	86.620895
-0.300000	1.200000	80.719940
-0.150000	1.200000	74.836365
0.000000	1.200000	69.185783
0.150000	1.200000	63.871674
0.300000	1.200000	58.786938
0.450000	1.200000	54.088005
0.600000	1.200000	49.646351
0.750000	1.200000	45.618855
0.900000	1.200000	41.873466
1.050000	1.200000	38.459324
1.200000	1.200000	35.277889
1.350000	1.200000	32.357918
1.500000	1.200000	29.682541
1.650000	1.200000	27.233746
1.800000	1.200000	25.011217
1.950000	1.200000	22.960215
2.100000	1.050000	21.946812
1.950000	1.050000	23.921345
1.800000	1.050000	26.086054
1.650000	1.050000	28.470398
1.500000	1.050000	31.078287
1.350000	1.050000	33.944977
1.200000	1.050000	37.078751
1.050000	1.050000	40.497551
0.900000	1.050000	44.199760
0.750000	1.050000	48.246208
0.600000	1.050000	52.700035
0.450000	1.050000	57.570580
0.300000	1.050000	62.793865
0.150000	1.050000	68.384399
-0.000000	1.050000	74.317955
-0.150000	1.050000	80.576035
-0.300000	1.050000	87.206085
-0.450000	1.050000	93.871674
-0.600000	1.050000	100.583122
-0.750000	1.050000	107.008072
-0.900000	1.050000	113.039940
-1.050000	1.050000	118.344177
-1.200000	1.050000	122.813255
-1.350000	1.050000	126.139694
-1.500000	1.050000	128.355255
-1.650000	1.050000	129.125595
-1.800000	1.050000	128.529877
-1.950000	1.050000	126.756447
-1.950000	0.900000	136.491013
-1.800000	0.900000	138.500580
-1.650000	0.900000	139.212341
-1.500000	0.900000	138.388763
-1.350000	0.900000	136.033020
-1.200000	0.900000	132.417694
-1.050000	0.900000	127.583031
-0.900000	0.900000	121.701149
-0.750000	0.900000	115.066284
-0.600000	0.900000	108.000198
-0.450000	0.900000	100.552979
-0.300000	0.900000	93.202576
-0.150000	0.900000	85.886658
0.000000	0.900000	79.007973
0.150000	0.900000	72.405746
0.300000	0.900000	66.396538
0.450000	0.900000	60.688759
0.600000	0.900000	55.433178
0.750000	0.900000	50.650810
0.900000	0.900000	46.263023
1.050000	0.900000	42.308956
1.200000	0.900000	38.679016
1.350000	0.900000	35.360500
1.500000	0.900000	32.333359
1.650000	0.900000	29.568394
1.800000	0.900000	27.053833
1.950000	0.900000	24.770977
2.100000	0.900000	22.718102
2.250000	0.750000	21.307964
2.100000	0.750000	23.300018
1.950000	0.750000	25.429462
1.800000	0.750000	27.814220
1.650000	0.750000	30.430767
1.500000	0.750000	33.318672
1.350000	0.750000	36.476482
1.200000	0.750000	39.939331
1.050000	0.750000	43.759674
0.900000	0.750000	47.934700
0.750000	0.750000	52.577869
0.600000	0.750000	57.645458
0.450000	0.750000	63.256958
0.300000	0.750000	69.290199
0.150000	0.750000	75.811783
-0.000000	0.750000	82.833481
-0.150000	0.750000	90.262566
-0.300000	0.750000	98.174866
-0.450000	0.750000	106.106155
-0.600000	0.750000	114.130478
-0.750000	0.750000	121.746353
-0.900000	0.750000	128.871185
-1.050000	0.750000	135.162201
-1.200000	0.750000	140.427734
-1.350000	0.750000	144.276825
-1.500000	0.750000	146.710480
-1.650000	0.750000	147.475525
-1.800000	0.750000	146.637146
-1.950000	0.750000	144.456802
-2.100000	0.600000	146.332062
-1.950000	0.600000	150.131607
-1.800000	0.600000	152.505463
-1.650000	0.600000	153.268173
-1.500000	0.600000	152.692429
-1.350000	0.600000	150.216278
-1.200000	0.600000	146.229355
-1.050000	0.600000	140.772934
-0.900000	0.600000	134.145706
-0.750000	0.600000	126.609596
-0.600000	0.600000	118.598412
-0.450000	0.600000	110.194298
-0.300000	0.600000	101.827385
-0.150000	0.600000	93.539536
0.000000	0.600000	85.686241
0.150000	0.600000	78.313843
0.300000	0.600000	71.430626
0.450000	0.600000	65.134132
0.600000	0.600000	59.277412
0.750000	0.600000	53.995491
0.900000	0.600000	49.133896
1.050000	0.600000	44.840378
1.200000	0.600000	40.875820
1.350000	0.600000	37.329510
1.500000	0.600000	34.060261
1.650000	0.600000	31.097317
1.800000	0.600000	28.396976
1.950000	0.600000	25.956644
2.100000	0.600000	23.760677
2.250000	0.600000	21.772436
2.250000	0.450000	22.014719
2.100000	0.450000	23.993525
1.950000	0.450000	26.228174
1.800000	0.450000	28.702841
1.650000	0.450000	31.439505
1.500000	0.450000	34.435516
1.350000	0.450000	37.758781
1.200000	0.450000	41.374039
1.050000	0.450000	45.387909
0.900000	0.450000	49.819328
0.750000	0.450000	54.744751
0.600000	0.450000	60.134117
0.450000	0.450000	66.123535
0.300000	0.450000	72.582520
0.150000	0.450000	79.631279
-0.000000	0.450000	87.189529
-0.150000	0.450000	95.237343
-0.300000	0.450000	103.743851
-0.450000	0.450000	112.346817
-0.600000	0.450000	120.908020
-0.750000	0.450000	129.147720
-0.900000	0.450000	136.841751
-1.050000	0.450000	143.629532
-1.200000	0.450000	149.209442
-1.350000	0.450000	153.316132
-1.500000	0.450000	155.656158
-1.650000	0.450000	156.266327
-1.800000	0.450000	155.456223
-1.950000	0.450000	152.934097
-2.100000	0.450000	149.018463
-2.100000	0.300000	148.524384
-1.950000	0.300000	152.362366
-1.800000	0.300000	154.936600
-1.650000	0.300000	155.968338
-1.500000	0.300000	155.287903
-1.350000	0.300000	152.924713
-1.200000	0.300000	148.902908
-1.050000	0.300000	143.388641
-0.900000	0.300000	136.687485
-0.750000	0.300000	128.942688
-0.600000	0.300000	120.826645
-0.450000	0.300000	112.239365
-0.300000	0.300000	103.676880
-0.150000	0.300000	95.214203
0.000000	0.300000	87.154892
0.150000	0.300000	79.633934
0.300000	0.300000	72.549240
0.450000	0.300000	66.117897
0.600000	0.300000	60.215504
0.750000	0.300000	54.748634
0.900000	0.300000	49.891220
1.050000	0.300000	45.452438
1.200000	0.300000	41.450043
1.350000	0.300000	37.821377
1.500000	0.300000	34.513878
1.650000	0.300000	31.527996
1.800000	0.300000	28.780304
1.950000	0.300000	26.311930
2.100000	0.300000	24.081671
2.250000	0.300000	22.056660
2.250000	0.150000	21.969196
2.100000	0.150000	23.907665
1.950000	0.150000	26.121952
1.800000	0.150000	28.552256
1.650000	0.150000	31.279202
1.500000	0.150000	34.199215
1.350000	0.150000	37.458832
1.200000	0.150000	41.001431
1.050000	0.150000	44.958282
0.900000	0.150000	49.305580
0.750000	0.150000	54.111500
0.600000	0.150000	59.395252
0.450000	0.150000	65.188614
0.300000	0.150000	71.511787
0.150000	0.150000	78.309868
-0.000000	0.150000	85.678505
-0.150000	0.150000	93.397697
-0.300000	0.150000	101.644249
-0.450000	0.150000	109.905472
-0.600000	0.150000	118.215744
-0.750000	0.150000	126.111168
-0.900000	0.150000	133.544098
-1.050000	0.150000	140.015991
-1.200000	0.150000	145.325562
-1.350000	0.150000	149.181107
-1.500000	0.150000	151.448242
-1.650000	0.150000	152.041016
-1.800000	0.150000	151.054047
-1.950000	0.150000	148.738174
-2.100000	0.150000	144.994598
-2.250000	0.000000	134.417694
-2.100000	0.000000	138.931183
-1.950000	0.000000	142.538605
-1.800000	0.000000	144.597443
-1.650000	0.000000	145.581421
-1.500000	0.000000	144.981644
-1.350000	0.000000	142.813324
-1.200000	0.000000	139.195480
-1.050000	0.000000	134.164505
-0.900000	0.000000	128.082367
-0.750000	0.000000	121.052490
-0.600000	0.000000	113.604027
-0.450000	0.000000	105.779053
-0.300000	0.000000	97.960129
-0.150000	0.000000	90.205849
0.000000	0.000000	82.853989
0.150000	0.000000	75.861977
0.300000	0.000000	69.433105
0.450000	0.000000	63.382195
0.600000	0.000000	57.855370
0.750000	0.000000	52.771782
0.900000	0.000000	48.183411
1.050000	0.000000	43.996407
1.200000	0.000000	40.230095
1.350000	0.000000	36.751747
1.500000	0.000000	33.627239
1.650000	0.000000	30.743393
1.800000	0.000000	28.139212
1.950000	0.000000	25.772562
2.100000	0.000000	23.617695
2.250000	0.000000	21.701916
2.400000	0.000000	19.715406
2.250000	-0.150000	21.261187
2.100000	-0.150000	23.133745
1.950000	-0.150000	25.174915
1.800000	-0.150000	27.463659
1.650000	-0.150000	29.969299
1.500000	-0.150000	32.698540
1.350000	-0.150000	35.690556
1.200000	-0.150000	38.896271
1.050000	-0.150000	42.588886
0.900000	-0.150000	46.559441
0.750000	-0.150000	50.873417
0.600000	-0.150000	55.666138
0.450000	-0.150000	60.829834
0.300000	-0.150000	66.507797
0.150000	-0.150000	72.488197
-0.000000	-0.150000	78.990501
-0.150000	-0.150000	85.749367
-0.300000	-0.150000	92.944923
-0.450000	-0.150000	100.134705
-0.600000	-0.150000	107.397995
-0.750000	-0.150000	114.226685
-0.900000	-0.150000	120.739914
-1.050000	-0.150000	126.338478
-1.200000	-0.150000	130.950409
-1.350000	-0.150000	134.323639
-1.500000	-0.150000	136.358688
-1.650000	-0.150000	136.977203
-1.800000	-0.150000	136.158173
-1.950000	-0.150000	134.135590
-2.100000	-0.150000	130.918839
-2.250000	-0.150000	126.746964
-2.250000	-0.300000	117.890114
-2.100000	-0.300000	121.613625
-1.950000	-0.300000	124.415039
-1.800000	-0.300000	126.183189
-1.650000	-0.300000	126.898849
-1.500000	-0.300000	126.326889
-1.350000	-0.300000	124.460938
-1.200000	-0.300000	121.381241
-1.050000	-0.300000	117.181541
-0.900000	-0.300000	112.130516
-0.750000	-0.300000	106.294632
-0.600000	-0.300000	99.969406
-0.450000	-0.300000	93.549332
-0.300000	-0.300000	87.021477
-0.150000	-0.300000	80.585579
0.000000	-0.300000	74.425194
0.150000	-0.300000	68.542862
0.300000	-0.300000	63.016296
0.450000	-0.300000	57.836487
0.600000	-0.300000	53.034180
0.750000	-0.300000	48.612053
0.900000	-0.300000	44.584431
1.050000	-0.300000	40.903851
1.200000	-0.300000	37.522652
1.350000	-0.300000	34.438000
1.500000	-0.300000	31.591553
1.650000	-0.300000	29.013983
1.800000	-0.300000	26.620960
1.950000	-0.300000	24.452921
2.100000	-0.300000	22.488224
2.250000	-0.300000	20.722694
2.250000	-0.450000	20.061659
2.100000	-0.450000	21.718334
1.950000	-0.450000	23.580866
1.800000	-0.450000	25.618488
1.650000	-0.450000	27.862707
1.500000	-0.450000	30.271778
1.350000	-0.450000	32.912659
1.200000	-0.450000	35.795315
1.050000	-0.450000	38.930939
0.900000	-0.450000	42.313934
0.750000	-0.450000	46.017712
0.600000	-0.450000	50.045433
0.450000	-0.450000	54.424896
0.300000	-0.450000	59.118492
0.150000	-0.450000	64.107567
-0.000000	-0.450000	69.353073
-0.150000	-0.450000	74.858536
-0.300000	-0.450000	80.565506
-0.450000	-0.450000	86.343674
-0.600000	-0.450000	92.099945
-0.750000	-0.450000	97.630699
-0.900000	-0.450000	102.829514
-1.050000	-0.450000	107.358665
-1.200000	-0.450000	111.156021
-1.350000	-0.450000	113.916321
-1.500000	-0.450000	115.588425
-1.650000	-0.450000	116.149612
-1.800000	-0.450000	115.616806
-1.950000	-0.450000	114.083496
-2.100000	-0.450000	111.598618
-2.250000	-0.450000	108.417557
-2.250000	-0.600000	98.773048
-2.100000	-0.600000	101.594200
-1.950000	-0.600000	103.667236
-1.800000	-0.600000	104.899460
-1.650000	-0.600000	105.325027
-1.500000	-0.600000	104.814713
-1.350000	-0.600000	103.285561
-1.200000	-0.600000	100.836723
-1.050000	-0.600000	97.507347
-0.900000	-0.600000	93.525940
-0.750000	-0.600000	88.980515
-0.600000	-0.600000	84.177017
-0.450000	-0.600000	79.162987
-0.300000	-0.600000	74.099243
-0.150000	-0.600000	69.082947
0.000000	-0.600000	64.182098
0.150000	-0.600000	59.519173
0.300000	-0.600000	55.038593
0.450000	-0.600000	50.844326
0.600000	-0.600000	46.916897
0.750000	-0.600000	43.292114
0.900000	-0.600000	39.936840
1.050000	-0.600000	36.827396
1.200000	-0.600000	33.960915
1.350000	-0.600000	31.302515
1.500000	-0.600000	28.865072
1.650000	-0.600000	26.618927
1.800000	-0.600000	24.527790
1.950000	-0.600000	22.637159
2.100000	-0.600000	20.930073
2.250000	-0.600000	19.335529
2.250000	-0.750000	18.470287
2.100000	-0.750000	20.005522
1.950000	-0.750000	21.597551
1.800000	-0.750000	23.376268
1.650000	-0.750000	25.291615
1.500000	-0.750000	27.351599
1.350000	-0.750000	29.595663
1.200000	-0.750000	32.015491
1.050000	-0.750000	34.626484
0.900000	-0.750000	37.457130
0.750000	-0.750000	40.490292
0.600000	-0.750000	43.729145
0.450000	-0.750000	47.239178
0.300000	-0.750000	50.969891
0.150000	-0.750000	54.922741
-0.000000	-0.750000	59.052368
-0.150000	-0.750000	63.352089
-0.300000	-0.750000	67.729057
-0.450000	-0.750000	72.145973
-0.600000	-0.750000	76.489204
-0.750000	-0.750000	80.644409
-0.900000	-0.750000	84.544403
-1.050000	-0.750000	87.974899
-1.200000	-0.750000	90.867119
-1.350000	-0.750000	92.990479
-1.500000	-0.750000	94.348694
-1.650000	-0.750000	94.842545
-1.800000	-0.750000	94.526001
-1.950000	-0.750000	93.563873
-2.100000	-0.750000	91.808731
-2.250000	-0.750000	88.826424
-2.100000	-0.900000	82.450287
-1.950000	-0.900000	83.922081
-1.800000	-0.900000	84.724388
-1.650000	-0.900000	84.937904
-1.500000	-0.900000	84.468254
-1.350000	-0.900000	83.305695
-1.200000	-0.900000	81.476036
-1.050000	-0.900000	79.038734
-0.900000	-0.900000	76.104324
-0.750000	-0.900000	72.766685
-0.600000	-0.900000	69.213455
-0.450000	-0.900000	65.467026
-0.300000	-0.900000	61.655933
-0.150000	-0.900000	57.852730
0.000000	-0.900000	54.089668
0.150000	-0.900000	50.475735
0.300000	-0.900000	46.991428
0.450000	-0.900000	43.709709
0.600000	-0.900000	40.605553
0.750000	-0.900000	37.707829
0.900000	-0.900000	34.988110
1.050000	-0.900000	32.449684
1.200000	-0.900000	30.088421
1.350000	-0.900000	27.870520
1.500000	-0.900000	25.816708
1.650000	-0.900000	23.909302
1.800000	-0.900000	22.196758
1.950000	-0.900000	20.602621
2.100000	-0.900000	19.069510
2.100000	-1.050000	18.085649
1.950000	-1.050000	19.471668
1.800000	-1.050000	20.950274
1.650000	-1.050000	22.557936
1.500000	-1.050000	24.270023
1.350000	-1.050000	26.119335
1.200000	-1.050000	28.113621
1.050000	-1.050000	30.274113
0.900000	-1.050000	32.545918
0.750000	-1.050000	34.994667
0.600000	-1.050000	37.564953
0.450000	-1.050000	40.324593
0.300000	-1.050000	43.208157
0.150000	-1.050000	46.226227
-0.000000	-1.050000	49.382221
-0.150000	-1.050000	52.614056
-0.300000	-1.050000	55.914490
-0.450000	-1.050000	59.195789
-0.600000	-1.050000	62.411987
-0.750000	-1.050000	65.469994
-0.900000	-1.050000	68.295738
-1.050000	-1.050000	70.807220
-1.200000	-1.050000	72.871864
-1.350000	-1.050000	74.450096
-1.500000	-1.050000	75.468796
-1.650000	-1.050000	75.911148
-1.800000	-1.050000	75.764908
-1.950000	-1.050000	75.073891
-2.100000	-1.050000	73.638893
-1.950000	-1.200000	66.974899
-1.800000	-1.200000	67.619308
-1.650000	-1.200000	67.715233
-1.500000	-1.200000	67.311569
-1.350000	-1.200000	66.422646
-1.200000	-1.200000	65.078720
-1.050000	-1.200000	63.304230
-0.900000	-1.200000	61.185616
-0.750000	-1.200000	58.640053
-0.600000	-1.200000	56.157734
-0.450000	-1.200000	53.424835
-0.300000	-1.200000	50.589962
-0.150000	-1.200000	47.789513
0.000000	-1.200000	44.992958
0.150000	-1.200000	42.283272
0.300000	-1.200000	39.634502
0.450000	-1.200000	37.111763
0.600000	-1.200000	34.686684
0.750000	-1.200000	32.401035
0.900000	-1.200000	30.241955
1.050000	-1.200000	28.208439
1.200000	-1.200000	26.290730
1.350000	-1.200000	24.461306
1.500000	-1.200000	22.766422
1.650000	-1.200000	21.242378
1.800000	-1.200000	19.809156
1.950000	-1.200000	18.433348
1.950000	-1.350000	17.310078
1.800000	-1.350000	18.610218
1.650000	-1.350000	19.930984
1.500000	-1.350000	21.307547
1.350000	-1.350000	22.831652
1.200000	-1.350000	24.430208
1.050000	-1.350000	26.150457
0.900000	-1.350000	28.029949
0.750000	-1.350000	29.937342
0.600000	-1.350000	31.942179
0.450000	-1.350000	34.055733
0.300000	-1.350000	36.290535
0.150000	-1.350000	38.599052
-0.000000	-1.350000	40.937313
-0.150000	-1.350000	43.330219
-0.300000	-1.350000	45.762226
-0.450000	-1.350000	48.146969
-0.600000	-1.350000	50.474659
-0.750000	-1.350000	52.703175
-0.900000	-1.350000	54.749153
-1.050000	-1.350000	56.576378
-1.200000	-1.350000	58.080254
-1.350000	-1.350000	59.250702
-1.500000	-1.350000	60.005726
-1.650000	-1.350000	60.379395
-1.800000	-1.350000	60.298847
-1.950000	-1.350000	59.013580
-1.800000	-1.500000	53.511375
-1.650000	-1.500000	53.815075
-1.500000	-1.500000	53.508137
-1.350000	-1.500000	52.832752
-1.200000	-1.500000	51.848064
-1.050000	-1.500000	50.562351
-0.900000	-1.500000	49.020336
-0.750000	-1.500000	47.274525
-0.600000	-1.500000	45.394341
-0.450000	-1.500000	43.416962
-0.300000	-1.500000	41.376129
-0.150000	-1.500000	39.308041
0.000000	-1.500000	37.223457
0.150000	-1.500000	35.186195
0.300000	-1.500000	33.177460
0.450000	-1.500000	31.265070
0.600000	-1.500000	29.387863
0.750000	-1.500000	27.663212
0.900000	-1.500000	25.881397
1.050000	-1.500000	24.282909
1.200000	-1.500000	22.736126
1.350000	-1.500000	21.287851
1.500000	-1.500000	19.940323
1.650000	-1.500000	18.711208
1.800000	-1.500000	17.425915
1.650000	-1.650000	17.449230
1.500000	-1.650000	18.613043
1.350000	-1.650000	19.830427
1.200000	-1.650000	21.124584
1.050000	-1.650000	22.482050
0.900000	-1.650000	23.930801
0.750000	-1.650000	25.423418
0.600000	-1.650000	27.013260
0.450000	-1.650000	28.668030
0.300000	-1.650000	30.327488
0.150000	-1.650000	32.081146
-0.000000	-1.650000	33.847961
-0.150000	-1.650000	35.623074
-0.300000	-1.650000	37.415005
-0.450000	-1.650000	39.174633
-0.600000	-1.650000	40.873039
-0.750000	-1.650000	42.478344
-0.900000	-1.650000	43.959854
-1.050000	-1.650000	45.275280
-1.200000	-1.650000	46.364658
-1.350000	-1.650000	47.228264
-1.500000	-1.650000	47.801029
-1.650000	-1.650000	47.923439
-1.500000	-1.800000	42.585926
-1.350000	-1.800000	42.252373
-1.200000	-1.800000	41.525787
-1.050000	-1.800000	40.586113
-0.900000	-1.800000	39.465675
-0.750000	-1.800000	38.202110
-0.600000	-1.800000	36.821194
-0.450000	-1.800000	35.367130
-0.300000	-1.800000	33.854916
-0.150000	-1.800000	32.319843
0.000000	-1.800000	30.786661
0.150000	-1.800000	29.242100
0.300000	-1.800000	27.750412
0.450000	-1.800000	26.276098
0.600000	-1.800000	24.809742
0.750000	-1.800000	23.410358
0.900000	-1.800000	22.090193
1.050000	-1.800000	20.841722
1.200000	-1.800000	19.584229
1.350000	-1.800000	18.417912
1.500000	-1.800000	17.373678
1.350000	-1.950000	17.037807
1.200000	-1.950000	18.152649
1.050000	-1.950000	19.286854
0.900000	-1.950000	20.353909
0.750000	-1.950000	21.556404
0.600000	-1.950000	22.785734
0.450000	-1.950000	24.060730
0.300000	-1.950000	25.370096
0.150000	-1.950000	26.708538
-0.000000	-1.950000	28.019251
-0.150000	-1.950000	29.353298
-0.300000	-1.950000	30.674969
-0.450000	-1.950000	31.964489
-0.600000	-1.950000	33.205921
-0.750000	-1.950000	34.402214
-0.900000	-1.950000	35.501492
-1.050000	-1.950000	36.470558
-1.200000	-1.950000	37.260036
-1.350000	-1.950000	37.449554
-1.050000	-2.100000	32.679169
-0.900000	-2.100000	31.978104
-0.750000	-2.100000	31.063984
-0.600000	-2.100000	30.039249
-0.450000	-2.100000	28.965862
-0.300000	-2.100000	27.861017
-0.150000	-2.100000	26.716623
0.000000	-2.100000	25.559443
0.150000	-2.100000	24.368618
0.300000	-2.100000	23.228470
0.450000	-2.100000	22.076782
0.600000	-2.100000	20.977804
0.750000	-2.100000	19.905384
0.900000	-2.100000	18.801796
1.050000	-2.100000	17.773087
0.750000	-2.250000	18.245321
0.600000	-2.250000	19.244032
0.450000	-2.250000	20.274786
0.300000	-2.250000	21.268919
0.150000	-2.250000	22.303135
-0.000000	-2.250000	23.322441
-0.150000	-2.250000	24.616919
-0.300000	-2.250000	25.374062
-0.450000	-2.250000	26.263346
-0.600000	-2.250000	27.159008
-0.750000	-2.250000	27.839222
