X (cm)	Y (cm)	Z
0.750000	2.250000	126.713364
0.600000	2.250000	128.854858
0.450000	2.250000	129.882309
0.300000	2.250000	130.488251
0.150000	2.250000	130.803574
-0.000000	2.250000	130.850952
-0.150000	2.250000	130.635437
-0.300000	2.250000	130.150085
-0.450000	2.250000	129.481903
-0.600000	2.250000	128.067749
-0.750000	2.250000	125.226830
-1.050000	2.100000	126.982323
-0.900000	2.100000	129.360657
-0.750000	2.100000	130.817169
-0.600000	2.100000	131.921585
-0.450000	2.100000	132.749969
-0.300000	2.100000	133.348480
-0.150000	2.100000	133.712494
0.000000	2.100000	133.885986
0.150000	2.100000	133.859756
0.300000	2.100000	133.654205
0.450000	2.100000	133.232483
0.600000	2.100000	132.590363
0.750000	2.100000	131.673218
0.900000	2.100000	130.393021
1.050000	2.100000	128.363541
1.350000	1.950000	127.184349
1.200000	1.950000	130.350372
1.050000	1.950000	132.106049
0.900000	1.950000	133.411484
0.750000	1.950000	134.376007
0.600000	1.950000	135.092178
0.450000	1.950000	135.592422
0.300000	1.950000	135.911407
0.150000	1.950000	136.075699
-0.000000	1.950000	136.085922
-0.150000	1.950000	135.942047
-0.300000	1.950000	135.646072
-0.450000	1.950000	135.170197
-0.600000	1.950000	134.515579
-0.750000	1.950000	133.629608
-0.900000	1.950000	132.476471
-1.050000	1.950000	130.970047
-1.200000	1.950000	128.989227
-1.350000	1.950000	124.921768
-1.500000	1.800000	126.897316
-1.350000	1.800000	129.948807
-1.200000	1.800000	131.985626
-1.050000	1.800000	133.540787
-0.900000	1.800000	134.775818
-0.750000	1.800000	135.710419
-0.600000	1.800000	136.434021
-0.450000	1.800000	136.976196
-0.300000	1.800000	137.354156
-0.150000	1.800000	137.599716
0.000000	1.800000	137.715881
0.150000	1.800000	137.714310
0.300000	1.800000	137.597443
0.450000	1.800000	137.349152
0.600000	1.800000	136.957733
0.750000	1.800000	136.389572
0.900000	1.800000	135.617096
1.050000	1.800000	134.586060
1.200000	1.800000	133.221741
1.350000	1.800000	131.435013
1.500000	1.800000	128.740555
1.650000	1.650000	129.141754
1.500000	1.650000	131.883682
1.350000	1.650000	133.833511
1.200000	1.650000	135.284485
1.050000	1.650000	136.401062
0.900000	1.650000	137.233994
0.750000	1.650000	137.864059
0.600000	1.650000	138.325073
0.450000	1.650000	138.645432
0.300000	1.650000	138.853516
0.150000	1.650000	138.948715
-0.000000	1.650000	138.944641
-0.150000	1.650000	138.835480
-0.300000	1.650000	138.633392
-0.450000	1.650000	138.313934
-0.600000	1.650000	137.870377
-0.750000	1.650000	137.280380
-0.900000	1.650000	136.505600
-1.050000	1.650000	135.488129
-1.200000	1.650000	134.190796
-1.350000	1.650000	132.523270
-1.500000	1.650000	130.334854
-1.650000	1.650000	127.285545
-1.800000	1.500000	126.740921
-1.650000	1.500000	130.218231
-1.500000	1.500000	132.593933
-1.350000	1.500000	134.440002
-1.200000	1.500000	135.837067
-1.050000	1.500000	136.940903
-0.900000	1.500000	137.777878
-0.750000	1.500000	138.439743
-0.600000	1.500000	138.951080
-0.450000	1.500000	139.337372
-0.300000	1.500000	139.628769
-0.150000	1.500000	139.825378
0.000000	1.500000	139.924637
0.150000	1.500000	139.927948
0.300000	1.500000	139.842529
0.450000	1.500000	139.654053
0.600000	1.500000	139.369476
0.750000	1.500000	138.981903
0.900000	1.500000	138.449310
1.050000	1.500000	137.766052
1.200000	1.500000	136.842255
1.350000	1.500000	135.652054
1.500000	1.500000	134.039413
1.650000	1.500000	131.962997
1.800000	1.500000	128.859467
1.950000	1.350000	127.477478
1.800000	1.350000	131.425873
1.650000	1.350000	133.859467
1.500000	1.350000	135.620621
1.350000	1.350000	136.988403
1.200000	1.350000	137.989960
1.050000	1.350000	138.778290
0.900000	1.350000	139.369247
0.750000	1.350000	139.856812
0.600000	1.350000	140.225479
0.450000	1.350000	140.512329
0.300000	1.350000	140.709320
0.150000	1.350000	140.805801
-0.000000	1.350000	140.809509
-0.150000	1.350000	140.704788
-0.300000	1.350000	140.505295
-0.450000	1.350000	140.213104
-0.600000	1.350000	139.832397
-0.750000	1.350000	139.354782
-0.900000	1.350000	138.773148
-1.050000	1.350000	138.043625
-1.200000	1.350000	137.098633
-1.350000	1.350000	135.911255
-1.500000	1.350000	134.331985
-1.650000	1.350000	132.285660
-1.800000	1.350000	129.628311
-1.950000	1.350000	124.724365
-1.950000	1.200000	128.469666
-1.800000	1.200000	131.499985
-1.650000	1.200000	133.860077
-1.500000	1.200000	135.657074
-1.350000	1.200000	137.012787
-1.200000	1.200000	138.062378
-1.050000	1.200000	138.877213
-0.900000	1.200000	139.559875
-0.750000	1.200000	140.125748
-0.600000	1.200000	140.618622
-0.450000	1.200000	141.033539
-0.300000	1.200000	141.366516
-0.150000	1.200000	141.592010
0.000000	1.200000	141.710175
0.150000	1.200000	141.703583
0.300000	1.200000	141.587433
0.450000	1.200000	141.351410
0.600000	1.200000	141.024704
0.750000	1.200000	140.628906
0.900000	1.200000	140.146713
1.050000	1.200000	139.589630
1.200000	1.200000	138.887909
1.350000	1.200000	138.017303
1.500000	1.200000	136.849228
1.650000	1.200000	135.326065
1.800000	1.200000	133.255310
1.950000	1.200000	131.004028
2.100000	1.050000	128.650909
1.950000	1.050000	132.192780
1.800000	1.050000	134.621201
1.650000	1.050000	136.449142
1.500000	1.050000	137.774139
1.350000	1.050000	138.800751
1.200000	1.050000	139.595428
1.050000	1.050000	140.265793
0.900000	1.050000	140.844086
0.750000	1.050000	141.374359
0.600000	1.050000	141.838104
0.450000	1.050000	142.235489
0.300000	1.050000	142.521393
0.150000	1.050000	142.680206
-0.000000	1.050000	142.695404
-0.150000	1.050000	142.560165
-0.300000	1.050000	142.284882
-0.450000	1.050000	141.891403
-0.600000	1.050000	141.407516
-0.750000	1.050000	140.861282
-0.900000	1.050000	140.259430
-1.050000	1.050000	139.582199
-1.200000	1.050000	138.823761
-1.350000	1.050000	137.862396
-1.500000	1.050000	136.668579
-1.650000	1.050000	135.114044
-1.800000	1.050000	133.005539
-1.950000	1.050000	130.296570
-2.100000	1.050000	126.177444
-2.100000	0.900000	128.462692
-1.950000	0.900000	131.675079
-1.800000	0.900000	134.171570
-1.650000	0.900000	136.062195
-1.500000	0.900000	137.445328
-1.350000	0.900000	138.542633
-1.200000	0.900000	139.418900
-1.050000	0.900000	140.181519
-0.900000	0.900000	140.891434
-0.750000	0.900000	141.572433
-0.600000	0.900000	142.208206
-0.450000	0.900000	142.795364
-0.300000	0.900000	143.273926
-0.150000	0.900000	143.612640
0.000000	0.900000	143.780365
0.150000	0.900000	143.753067
0.300000	0.900000	143.554001
0.450000	0.900000	143.181549
0.600000	0.900000	142.687714
0.750000	0.900000	142.125137
0.900000	0.900000	141.507874
1.050000	0.900000	140.860992
1.200000	0.900000	140.190170
1.350000	0.900000	139.421066
1.500000	0.900000	138.495087
1.650000	0.900000	137.291519
1.800000	0.900000	135.695755
1.950000	0.900000	133.499557
2.100000	0.900000	130.513565
2.250000	0.750000	127.607239
2.100000	0.750000	131.749619
1.950000	0.750000	134.458771
1.800000	0.750000	136.458893
1.650000	0.750000	137.915894
1.500000	0.750000	139.017685
1.350000	0.750000	139.903351
1.200000	0.750000	140.674469
1.050000	0.750000	141.402176
0.900000	0.750000	142.131897
0.750000	0.750000	142.858627
0.600000	0.750000	143.536224
0.450000	0.750000	144.138840
0.300000	0.750000	144.593719
0.150000	0.750000	144.861313
-0.000000	0.750000	144.896210
-0.150000	0.750000	144.699142
-0.300000	0.750000	144.291534
-0.450000	0.750000	143.712219
-0.600000	0.750000	143.016708
-0.750000	0.750000	142.262726
-0.900000	0.750000	141.486435
-1.050000	0.750000	140.705124
-1.200000	0.750000	139.915924
-1.350000	0.750000	139.058014
-1.500000	0.750000	138.031296
-1.650000	0.750000	136.743301
-1.800000	0.750000	135.014847
-1.950000	0.750000	132.751678
-2.100000	0.750000	129.741409
-2.250000	0.750000	124.764809
-2.250000	0.600000	126.910789
-2.100000	0.600000	130.716827
-1.950000	0.600000	133.548950
-1.800000	0.600000	135.651108
-1.650000	0.600000	137.249542
-1.500000	0.600000	138.474258
-1.350000	0.600000	139.454483
-1.200000	0.600000	140.320953
-1.050000	0.600000	141.161804
-0.900000	0.600000	142.024445
-0.750000	0.600000	142.921204
-0.600000	0.600000	143.802338
-0.450000	0.600000	144.615982
-0.300000	0.600000	145.299240
-0.150000	0.600000	145.781128
0.000000	0.600000	146.014008
0.150000	0.600000	145.969131
0.300000	0.600000	145.648666
0.450000	0.600000	145.101593
0.600000	0.600000	144.384338
0.750000	0.600000	143.576126
0.900000	0.600000	142.733551
1.050000	0.600000	141.907700
1.200000	0.600000	141.100906
1.350000	0.600000	140.308640
1.500000	0.600000	139.438202
1.650000	0.600000	138.400757
1.800000	0.600000	137.055664
1.950000	0.600000	135.213760
2.100000	0.600000	132.740005
2.250000	0.600000	129.201172
2.250000	0.450000	130.133728
2.100000	0.450000	133.371063
1.950000	0.450000	135.716431
1.800000	0.450000	137.452942
1.650000	0.450000	138.737030
1.500000	0.450000	139.786011
1.350000	0.450000	140.622742
1.200000	0.450000	141.444885
1.050000	0.450000	142.328033
0.900000	0.450000	143.244766
0.750000	0.450000	144.205521
0.600000	0.450000	145.124802
0.450000	0.450000	145.955170
0.300000	0.450000	146.595367
0.150000	0.450000	146.964066
-0.000000	0.450000	147.029831
-0.150000	0.450000	146.765594
-0.300000	0.450000	146.217010
-0.450000	0.450000	145.435989
-0.600000	0.450000	144.505402
-0.750000	0.450000	143.508942
-0.900000	0.450000	142.516754
-1.050000	0.450000	141.551163
-1.200000	0.450000	140.656235
-1.350000	0.450000	139.757584
-1.500000	0.450000	138.793594
-1.650000	0.450000	137.617661
-1.800000	0.450000	136.128937
-1.950000	0.450000	134.144440
-2.100000	0.450000	131.441803
-2.250000	0.450000	127.890564
-2.250000	0.300000	128.482498
-2.100000	0.300000	131.920990
-1.950000	0.300000	134.458099
-1.800000	0.300000	136.408051
-1.650000	0.300000	137.853348
-1.500000	0.300000	139.001358
-1.350000	0.300000	139.969162
-1.200000	0.300000	140.889893
-1.050000	0.300000	141.842987
-0.900000	0.300000	142.886429
-0.750000	0.300000	143.964111
-0.600000	0.300000	145.058121
-0.450000	0.300000	146.073578
-0.300000	0.300000	146.938385
-0.150000	0.300000	147.546753
0.000000	0.300000	147.839325
0.150000	0.300000	147.764435
0.300000	0.300000	147.349228
0.450000	0.300000	146.651642
0.600000	0.300000	145.740692
0.750000	0.300000	144.726959
0.900000	0.300000	143.676315
1.050000	0.300000	142.665848
1.200000	0.300000	141.725113
1.350000	0.300000	140.852036
1.500000	0.300000	139.965057
1.650000	0.300000	138.988022
1.800000	0.300000	137.749023
1.950000	0.300000	136.105820
2.100000	0.300000	133.831146
2.250000	0.300000	130.779434
2.250000	0.150000	131.065491
2.100000	0.150000	134.015259
1.950000	0.150000	136.256134
1.800000	0.150000	137.855377
1.650000	0.150000	139.086411
1.500000	0.150000	140.049240
1.350000	0.150000	140.954361
1.200000	0.150000	141.848602
1.050000	0.150000	142.836685
0.900000	0.150000	143.888519
0.750000	0.150000	145.001007
0.600000	0.150000	146.070862
0.450000	0.150000	147.041855
0.300000	0.150000	147.806244
0.150000	0.150000	148.247055
-0.000000	0.150000	148.311798
-0.150000	0.150000	148.032898
-0.300000	0.150000	147.391342
-0.450000	0.150000	146.483063
-0.600000	0.150000	145.405243
-0.750000	0.150000	144.251083
-0.900000	0.150000	143.113480
-1.050000	0.150000	142.030289
-1.200000	0.150000	141.033585
-1.350000	0.150000	140.085907
-1.500000	0.150000	139.112701
-1.650000	0.150000	137.983795
-1.800000	0.150000	136.562103
-1.950000	0.150000	134.658630
-2.100000	0.150000	132.182037
-2.250000	0.150000	128.809067
-2.250000	0.000000	128.855743
-2.100000	0.000000	132.203262
-1.950000	0.000000	134.670212
-1.800000	0.000000	136.571960
-1.650000	0.000000	137.987289
-1.500000	0.000000	139.115311
-1.350000	0.000000	140.098190
-1.200000	0.000000	141.051666
-1.050000	0.000000	142.065445
-0.900000	0.000000	143.165680
-0.750000	0.000000	144.317627
-0.600000	0.000000	145.490845
-0.450000	0.000000	146.577591
-0.300000	0.000000	147.508179
-0.150000	0.000000	148.161240
0.000000	0.000000	148.452209
0.150000	0.000000	148.388824
0.300000	0.000000	147.935181
0.450000	0.000000	147.170029
0.600000	0.000000	146.179291
0.750000	0.000000	145.084702
0.900000	0.000000	143.961884
1.050000	0.000000	142.891510
1.200000	0.000000	141.890701
1.350000	0.000000	140.967651
1.500000	0.000000	140.085587
1.650000	0.000000	139.103958
1.800000	0.000000	137.897110
1.950000	0.000000	136.270370
2.100000	0.000000	134.054581
2.250000	0.000000	131.090546
2.400000	0.000000	125.259460
2.250000	-0.150000	130.876328
2.100000	-0.150000	133.871933
1.950000	-0.150000	136.131439
1.800000	-0.150000	137.782913
1.650000	-0.150000	139.006195
1.500000	-0.150000	139.995270
1.350000	-0.150000	140.880722
1.200000	-0.150000	141.792343
1.050000	-0.150000	142.770630
0.900000	-0.150000	143.813004
0.750000	-0.150000	144.914612
0.600000	-0.150000	145.978973
0.450000	-0.150000	146.944214
0.300000	-0.150000	147.695221
0.150000	-0.150000	148.131683
-0.000000	-0.150000	148.215546
-0.150000	-0.150000	147.922073
-0.300000	-0.150000	147.284775
-0.450000	-0.150000	146.394821
-0.600000	-0.150000	145.323715
-0.750000	-0.150000	144.182877
-0.900000	-0.150000	143.048553
-1.050000	-0.150000	141.969055
-1.200000	-0.150000	140.972565
-1.350000	-0.150000	140.021606
-1.500000	-0.150000	139.030136
-1.650000	-0.150000	137.888870
-1.800000	-0.150000	136.451599
-1.950000	-0.150000	134.536270
-2.100000	-0.150000	132.017059
-2.250000	-0.150000	128.666611
-2.250000	-0.300000	128.156448
-2.100000	-0.300000	131.607330
-1.950000	-0.300000	134.223633
-1.800000	-0.300000	136.190216
-1.650000	-0.300000	137.671295
-1.500000	-0.300000	138.841095
-1.350000	-0.300000	139.834610
-1.200000	-0.300000	140.771713
-1.050000	-0.300000	141.734161
-0.900000	-0.300000	142.756805
-0.750000	-0.300000	143.830597
-0.600000	-0.300000	144.902512
-0.450000	-0.300000	145.905624
-0.300000	-0.300000	146.745636
-0.150000	-0.300000	147.339874
0.000000	-0.300000	147.611969
0.150000	-0.300000	147.543152
0.300000	-0.300000	147.130981
0.450000	-0.300000	146.439240
0.600000	-0.300000	145.545639
0.750000	-0.300000	144.546127
0.900000	-0.300000	143.506149
1.050000	-0.300000	142.526657
1.200000	-0.300000	141.593872
1.350000	-0.300000	140.722290
1.500000	-0.300000	139.822708
1.650000	-0.300000	138.843872
1.800000	-0.300000	137.560516
1.950000	-0.300000	135.900742
2.100000	-0.300000	133.579651
2.250000	-0.300000	130.445633
2.250000	-0.450000	129.707840
2.100000	-0.450000	132.975662
1.950000	-0.450000	135.426636
1.800000	-0.450000	137.178497
1.650000	-0.450000	138.531540
1.500000	-0.450000	139.537628
1.350000	-0.450000	140.433609
1.200000	-0.450000	141.262695
1.050000	-0.450000	142.136063
0.900000	-0.450000	143.031555
0.750000	-0.450000	143.971344
0.600000	-0.450000	144.859314
0.450000	-0.450000	145.672211
0.300000	-0.450000	146.300812
0.150000	-0.450000	146.659729
-0.000000	-0.450000	146.727478
-0.150000	-0.450000	146.480347
-0.300000	-0.450000	145.952820
-0.450000	-0.450000	145.192703
-0.600000	-0.450000	144.292786
-0.750000	-0.450000	143.317856
-0.900000	-0.450000	142.342072
-1.050000	-0.450000	141.383408
-1.200000	-0.450000	140.477264
-1.350000	-0.450000	139.564270
-1.500000	-0.450000	138.564926
-1.650000	-0.450000	137.346924
-1.800000	-0.450000	135.785782
-1.950000	-0.450000	133.716995
-2.100000	-0.450000	130.962677
-2.250000	-0.450000	127.328125
-2.250000	-0.600000	126.152725
-2.100000	-0.600000	130.096695
-1.950000	-0.600000	133.012985
-1.800000	-0.600000	135.202927
-1.650000	-0.600000	136.871338
-1.500000	-0.600000	138.166000
-1.350000	-0.600000	139.193756
-1.200000	-0.600000	140.091507
-1.050000	-0.600000	140.946045
-0.900000	-0.600000	141.821396
-0.750000	-0.600000	142.686462
-0.600000	-0.600000	143.547592
-0.450000	-0.600000	144.337524
-0.300000	-0.600000	144.994278
-0.150000	-0.600000	145.464127
0.000000	-0.600000	145.666580
0.150000	-0.600000	145.617493
0.300000	-0.600000	145.303986
0.450000	-0.600000	144.777695
0.600000	-0.600000	144.080124
0.750000	-0.600000	143.302643
0.900000	-0.600000	142.480804
1.050000	-0.600000	141.681442
1.200000	-0.600000	140.871628
1.350000	-0.600000	140.059784
1.500000	-0.600000	139.178436
1.650000	-0.600000	138.102646
1.800000	-0.600000	136.701187
1.950000	-0.600000	134.783035
2.100000	-0.600000	132.241745
2.250000	-0.600000	128.680923
2.250000	-0.750000	126.930054
2.100000	-0.750000	131.102631
1.950000	-0.750000	133.890152
1.800000	-0.750000	135.958374
1.650000	-0.750000	137.520767
1.500000	-0.750000	138.671906
1.350000	-0.750000	139.584137
1.200000	-0.750000	140.381561
1.050000	-0.750000	141.126068
0.900000	-0.750000	141.835297
0.750000	-0.750000	142.539642
0.600000	-0.750000	143.201874
0.450000	-0.750000	143.784363
0.300000	-0.750000	144.223465
0.150000	-0.750000	144.486069
-0.000000	-0.750000	144.523239
-0.150000	-0.750000	144.357910
-0.300000	-0.750000	143.960876
-0.450000	-0.750000	143.405167
-0.600000	-0.750000	142.739899
-0.750000	-0.750000	142.001465
-0.900000	-0.750000	141.232513
-1.050000	-0.750000	140.442566
-1.200000	-0.750000	139.628494
-1.350000	-0.750000	138.721649
-1.500000	-0.750000	137.641327
-1.650000	-0.750000	136.254120
-1.800000	-0.750000	134.446411
-1.950000	-0.750000	132.072220
-2.100000	-0.750000	128.960724
-2.250000	-0.750000	124.185608
-2.100000	-0.900000	127.430214
-1.950000	-0.900000	130.847565
-1.800000	-0.900000	133.427979
-1.650000	-0.900000	135.436111
-1.500000	-0.900000	136.963272
-1.350000	-0.900000	138.129318
-1.200000	-0.900000	139.071091
-1.050000	-0.900000	139.870926
-0.900000	-0.900000	140.599197
-0.750000	-0.900000	141.283890
-0.600000	-0.900000	141.908905
-0.450000	-0.900000	142.473740
-0.300000	-0.900000	142.931732
-0.150000	-0.900000	143.252106
0.000000	-0.900000	143.404358
0.150000	-0.900000	143.371475
0.300000	-0.900000	143.175995
0.450000	-0.900000	142.820404
0.600000	-0.900000	142.339279
0.750000	-0.900000	141.773529
0.900000	-0.900000	141.178909
1.050000	-0.900000	140.529572
1.200000	-0.900000	139.838165
1.350000	-0.900000	139.028992
1.500000	-0.900000	138.054230
1.650000	-0.900000	136.767685
1.800000	-0.900000	135.064194
1.950000	-0.900000	132.776413
2.100000	-0.900000	129.678802
2.100000	-1.050000	127.640305
1.950000	-1.050000	131.274597
1.800000	-1.050000	133.815750
1.650000	-1.050000	135.755997
1.500000	-1.050000	137.295746
1.350000	-1.050000	138.307648
1.200000	-1.050000	139.163727
1.050000	-1.050000	139.857849
0.900000	-1.050000	140.467667
0.750000	-1.050000	140.996552
0.600000	-1.050000	141.468719
0.450000	-1.050000	141.859802
0.300000	-1.050000	142.142441
0.150000	-1.050000	142.305664
-0.000000	-1.050000	142.324738
-0.150000	-1.050000	142.203949
-0.300000	-1.050000	141.939301
-0.450000	-1.050000	141.561066
-0.600000	-1.050000	141.092606
-0.750000	-1.050000	140.540710
-0.900000	-1.050000	139.921661
-1.050000	-1.050000	139.210510
-1.200000	-1.050000	138.387024
-1.350000	-1.050000	137.375839
-1.500000	-1.050000	136.069611
-1.650000	-1.050000	134.370621
-1.800000	-1.050000	132.134125
-1.950000	-1.050000	129.274567
-2.100000	-1.050000	125.225365
-1.950000	-1.200000	127.244423
-1.800000	-1.200000	130.502731
-1.650000	-1.200000	132.988998
-1.500000	-1.200000	134.928314
-1.350000	-1.200000	136.406433
-1.200000	-1.200000	137.547211
-1.050000	-1.200000	138.436310
-0.900000	-1.200000	139.173630
-0.750000	-1.200000	139.773621
-0.600000	-1.200000	140.282562
-0.450000	-1.200000	140.693451
-0.300000	-1.200000	141.017731
-0.150000	-1.200000	141.238632
0.000000	-1.200000	141.341476
0.150000	-1.200000	141.333969
0.300000	-1.200000	141.199341
0.450000	-1.200000	140.968582
0.600000	-1.200000	140.632813
0.750000	-1.200000	140.223587
0.900000	-1.200000	139.715027
1.050000	-1.200000	139.100403
1.200000	-1.200000	138.356842
1.350000	-1.200000	137.389893
1.500000	-1.200000	136.146942
1.650000	-1.200000	134.476837
1.800000	-1.200000	132.297485
1.950000	-1.200000	129.375946
1.950000	-1.350000	126.501404
1.800000	-1.350000	130.259918
1.650000	-1.350000	132.775604
1.500000	-1.350000	134.706345
1.350000	-1.350000	136.173981
1.200000	-1.350000	137.305832
1.050000	-1.350000	138.155869
0.900000	-1.350000	138.824661
0.750000	-1.350000	139.358109
0.600000	-1.350000	139.757614
0.450000	-1.350000	140.069855
0.300000	-1.350000	140.280106
0.150000	-1.350000	140.395218
-0.000000	-1.350000	140.403397
-0.150000	-1.350000	140.309448
-0.300000	-1.350000	140.112152
-0.450000	-1.350000	139.814758
-0.600000	-1.350000	139.422409
-0.750000	-1.350000	138.916382
-0.900000	-1.350000	138.281586
-1.050000	-1.350000	137.478546
-1.200000	-1.350000	136.464264
-1.350000	-1.350000	135.140305
-1.500000	-1.350000	133.437012
-1.650000	-1.350000	131.227539
-1.800000	-1.350000	128.399826
-1.950000	-1.350000	124.097092
-1.800000	-1.500000	125.521362
-1.650000	-1.500000	128.973663
-1.500000	-1.500000	131.520538
-1.350000	-1.500000	133.504639
-1.200000	-1.500000	135.043427
-1.050000	-1.500000	136.244171
-0.900000	-1.500000	137.171326
-0.750000	-1.500000	137.891403
-0.600000	-1.500000	138.440857
-0.450000	-1.500000	138.859344
-0.300000	-1.500000	139.162354
-0.150000	-1.500000	139.359390
0.000000	-1.500000	139.454987
0.150000	-1.500000	139.439499
0.300000	-1.500000	139.337006
0.450000	-1.500000	139.121689
0.600000	-1.500000	138.791031
0.750000	-1.500000	138.353165
0.900000	-1.500000	137.754333
1.050000	-1.500000	136.991974
1.200000	-1.500000	135.972946
1.350000	-1.500000	134.647644
1.500000	-1.500000	132.909470
1.650000	-1.500000	130.677124
1.800000	-1.500000	127.566322
1.650000	-1.650000	127.747704
1.500000	-1.650000	130.509811
1.350000	-1.650000	132.574249
1.200000	-1.650000	134.166275
1.050000	-1.650000	135.408829
0.900000	-1.650000	136.338058
0.750000	-1.650000	137.058182
0.600000	-1.650000	137.580704
0.450000	-1.650000	137.957825
0.300000	-1.650000	138.201065
0.150000	-1.650000	138.331512
-0.000000	-1.650000	138.342804
-0.150000	-1.650000	138.244858
-0.300000	-1.650000	138.032425
-0.450000	-1.650000	137.692459
-0.600000	-1.650000	137.210541
-0.750000	-1.650000	136.567841
-0.900000	-1.650000	135.717682
-1.050000	-1.650000	134.608368
-1.200000	-1.650000	133.191071
-1.350000	-1.650000	131.374908
-1.500000	-1.650000	129.071686
-1.650000	-1.650000	125.975815
-1.500000	-1.800000	125.748695
-1.350000	-1.800000	128.624802
-1.200000	-1.800000	130.771378
-1.050000	-1.800000	132.456116
-0.900000	-1.800000	133.786621
-0.750000	-1.800000	134.812469
-0.600000	-1.800000	135.594040
-0.450000	-1.800000	136.176422
-0.300000	-1.800000	136.572083
-0.150000	-1.800000	136.826477
0.000000	-1.800000	136.944183
0.150000	-1.800000	136.919769
0.300000	-1.800000	136.766937
0.450000	-1.800000	136.460846
0.600000	-1.800000	136.003754
0.750000	-1.800000	135.350754
0.900000	-1.800000	134.483795
1.050000	-1.800000	133.334442
1.200000	-1.800000	131.853867
1.350000	-1.800000	129.930740
1.500000	-1.800000	127.321152
1.350000	-1.950000	126.030090
1.200000	-1.950000	128.738678
1.050000	-1.950000	130.570816
0.900000	-1.950000	131.977692
0.750000	-1.950000	133.050034
0.600000	-1.950000	133.864105
0.450000	-1.950000	134.433685
0.300000	-1.950000	134.817383
0.150000	-1.950000	135.019638
-0.000000	-1.950000	135.052063
-0.150000	-1.950000	134.917877
-0.300000	-1.950000	134.612946
-0.450000	-1.950000	134.120514
-0.600000	-1.950000	133.420013
-0.750000	-1.950000	132.471283
-0.900000	-1.950000	131.239746
-1.050000	-1.950000	129.647110
-1.200000	-1.950000	127.604515
-1.350000	-1.950000	124.624352
-1.050000	-2.100000	125.799644
-0.900000	-2.100000	127.893150
-0.750000	-2.100000	129.408783
-0.600000	-2.100000	130.561127
-0.450000	-2.100000	131.412048
-0.300000	-2.100000	132.013824
-0.150000	-2.100000	132.377350
0.000000	-2.100000	132.546341
0.150000	-2.100000	132.494873
0.300000	-2.100000	132.245239
0.450000	-2.100000	131.767044
0.600000	-2.100000	131.041168
0.750000	-2.100000	130.044357
0.900000	-2.100000	128.695099
1.050000	-2.100000	126.815491
0.750000	-2.250000	125.694054
0.600000	-2.250000	127.205238
0.450000	-2.250000	128.174026
0.300000	-2.250000	128.795151
0.150000	-2.250000	129.120544
-0.000000	-2.250000	129.191360
-0.150000	-2.250000	128.999695
-0.300000	-2.250000	128.544525
-0.450000	-2.250000	127.794884
-0.600000	-2.250000	126.686569
-0.750000	-2.250000	125.001114
0.000000	-2.400000	123.674484
