X (cm)	Y (cm)	Z
0.750000	2.250000	49.415859
0.600000	2.250000	53.212696
0.450000	2.250000	56.941700
0.300000	2.250000	60.815895
0.150000	2.250000	64.848480
-0.000000	2.250000	69.014458
-0.150000	2.250000	73.334854
-0.300000	2.250000	77.690140
-0.450000	2.250000	81.988274
-0.600000	2.250000	86.084816
-0.750000	2.250000	89.668221
-1.050000	2.100000	112.395584
-0.900000	2.100000	108.650070
-0.750000	2.100000	104.271469
-0.600000	2.100000	99.432671
-0.450000	2.100000	94.405136
-0.300000	2.100000	89.263771
-0.150000	2.100000	84.014626
0.000000	2.100000	78.883667
0.150000	2.100000	73.853317
0.300000	2.100000	69.029839
0.450000	2.100000	64.432190
0.600000	2.100000	60.086395
0.750000	2.100000	56.005108
0.900000	2.100000	52.134136
1.050000	2.100000	48.344158
1.350000	1.950000	46.329266
1.200000	1.950000	50.075329
1.050000	1.950000	54.048531
0.900000	1.950000	58.248615
0.750000	1.950000	62.770287
0.600000	1.950000	67.611588
0.450000	1.950000	72.797997
0.300000	1.950000	78.321465
0.150000	1.950000	84.077232
-0.000000	1.950000	90.062668
-0.150000	1.950000	96.093750
-0.300000	1.950000	102.284630
-0.450000	1.950000	108.407516
-0.600000	1.950000	114.530624
-0.750000	1.950000	120.416298
-0.900000	1.950000	125.993835
-1.050000	1.950000	130.870941
-1.200000	1.950000	134.927002
-1.350000	1.950000	137.127823
-1.500000	1.800000	163.206177
-1.350000	1.800000	161.168060
-1.200000	1.800000	157.322479
-1.050000	1.800000	152.437286
-0.900000	1.800000	146.343353
-0.750000	1.800000	139.530304
-0.600000	1.800000	132.352249
-0.450000	1.800000	124.863083
-0.300000	1.800000	117.351540
-0.150000	1.800000	109.866043
0.000000	1.800000	102.624893
0.150000	1.800000	95.604790
0.300000	1.800000	88.851364
0.450000	1.800000	82.297989
0.600000	1.800000	76.140221
0.750000	1.800000	70.358200
0.900000	1.800000	65.005104
1.050000	1.800000	60.089813
1.200000	1.800000	55.519356
1.350000	1.800000	51.305828
1.500000	1.800000	47.221264
1.650000	1.650000	47.754116
1.500000	1.650000	51.969887
1.350000	1.650000	56.499866
1.200000	1.650000	61.324524
1.050000	1.650000	66.692406
0.900000	1.650000	72.504494
0.750000	1.650000	78.835098
0.600000	1.650000	85.663528
0.450000	1.650000	92.889496
0.300000	1.650000	100.516014
0.150000	1.650000	108.517776
-0.000000	1.650000	117.034561
-0.150000	1.650000	125.855392
-0.300000	1.650000	135.021240
-0.450000	1.650000	144.218582
-0.600000	1.650000	153.462723
-0.750000	1.650000	162.205261
-0.900000	1.650000	170.415054
-1.050000	1.650000	177.836319
-1.200000	1.650000	184.037872
-1.350000	1.650000	188.728806
-1.500000	1.650000	191.783524
-1.650000	1.650000	192.425903
-1.800000	1.500000	223.969818
-1.650000	1.500000	225.891815
-1.500000	1.500000	224.678131
-1.350000	1.500000	221.017624
-1.200000	1.500000	215.146759
-1.050000	1.500000	207.449005
-0.900000	1.500000	198.183990
-0.750000	1.500000	188.069611
-0.600000	1.500000	177.258408
-0.450000	1.500000	166.219131
-0.300000	1.500000	155.064957
-0.150000	1.500000	143.960541
0.000000	1.500000	133.150360
0.150000	1.500000	122.902359
0.300000	1.500000	113.233032
0.450000	1.500000	104.258224
0.600000	1.500000	95.801147
0.750000	1.500000	88.006302
0.900000	1.500000	80.571732
1.050000	1.500000	73.795364
1.200000	1.500000	67.556320
1.350000	1.500000	61.943474
1.500000	1.500000	56.789742
1.650000	1.500000	52.099968
1.800000	1.500000	47.749680
1.950000	1.350000	46.704346
1.800000	1.350000	51.490276
1.650000	1.350000	56.315117
1.500000	1.350000	61.588562
1.350000	1.350000	67.493248
1.200000	1.350000	73.948555
1.050000	1.350000	81.143326
0.900000	1.350000	88.933464
0.750000	1.350000	97.374405
0.600000	1.350000	106.309410
0.450000	1.350000	116.266014
0.300000	1.350000	126.928871
0.150000	1.350000	138.519623
-0.000000	1.350000	150.774872
-0.150000	1.350000	163.600693
-0.300000	1.350000	176.893967
-0.450000	1.350000	190.484222
-0.600000	1.350000	204.157135
-0.750000	1.350000	217.543900
-0.900000	1.350000	229.987305
-1.050000	1.350000	241.353806
-1.200000	1.350000	250.798737
-1.350000	1.350000	258.072357
-1.500000	1.350000	262.617706
-1.650000	1.350000	264.147888
-1.800000	1.350000	262.319641
-1.950000	1.350000	255.760162
-1.950000	1.200000	298.454498
-1.800000	1.200000	304.707916
-1.650000	1.200000	306.949036
-1.500000	1.200000	305.212372
-1.350000	1.200000	299.701355
-1.200000	1.200000	290.863129
-1.050000	1.200000	279.205902
-0.900000	1.200000	265.311737
-0.750000	1.200000	249.873489
-0.600000	1.200000	233.642624
-0.450000	1.200000	217.195267
-0.300000	1.200000	200.630203
-0.150000	1.200000	184.599030
0.000000	1.200000	169.326813
0.150000	1.200000	154.960541
0.300000	1.200000	141.423019
0.450000	1.200000	128.800156
0.600000	1.200000	117.309753
0.750000	1.200000	106.825294
0.900000	1.200000	97.328613
1.050000	1.200000	88.520187
1.200000	1.200000	80.453705
1.350000	1.200000	73.069550
1.500000	1.200000	66.397980
1.650000	1.200000	60.517994
1.800000	1.200000	55.143181
1.950000	1.200000	50.300823
2.100000	1.050000	48.282566
1.950000	1.050000	53.259895
1.800000	1.050000	58.488976
1.650000	1.050000	64.462021
1.500000	1.050000	70.975937
1.350000	1.050000	78.393417
1.200000	1.050000	86.648911
1.050000	1.050000	95.600037
0.900000	1.050000	105.385414
0.750000	1.050000	116.166794
0.600000	1.050000	128.185486
0.450000	1.050000	141.450394
0.300000	1.050000	156.050461
0.150000	1.050000	171.671295
-0.000000	1.050000	188.327118
-0.150000	1.050000	206.384613
-0.300000	1.050000	225.373322
-0.450000	1.050000	244.933685
-0.600000	1.050000	264.861847
-0.750000	1.050000	284.565002
-0.900000	1.050000	303.210541
-1.050000	1.050000	320.271271
-1.200000	1.050000	334.508148
-1.350000	1.050000	345.263977
-1.500000	1.050000	351.879333
-1.650000	1.050000	353.965210
-1.800000	1.050000	351.220093
-1.950000	1.050000	343.720245
-2.100000	1.050000	331.179474
-2.100000	0.900000	375.129333
-1.950000	0.900000	389.397827
-1.800000	0.900000	398.364075
-1.650000	0.900000	401.889404
-1.500000	0.900000	399.572998
-1.350000	0.900000	391.725616
-1.200000	0.900000	378.842712
-1.050000	0.900000	361.851440
-0.900000	0.900000	341.601288
-0.750000	0.900000	319.265076
-0.600000	0.900000	295.900574
-0.450000	0.900000	272.542328
-0.300000	0.900000	249.494095
-0.150000	0.900000	227.579620
0.000000	0.900000	206.755615
0.150000	0.900000	187.530502
0.300000	0.900000	169.771927
0.450000	0.900000	153.599762
0.600000	0.900000	138.548920
0.750000	0.900000	125.084389
0.900000	0.900000	112.948837
1.050000	0.900000	102.139252
1.200000	0.900000	92.369514
1.350000	0.900000	83.368690
1.500000	0.900000	75.250839
1.650000	0.900000	68.022316
1.800000	0.900000	61.616646
1.950000	0.900000	55.874226
2.100000	0.900000	50.730663
2.250000	0.750000	47.262630
2.100000	0.750000	52.519123
1.950000	0.750000	57.916771
1.800000	0.750000	64.029160
1.650000	0.750000	70.873489
1.500000	0.750000	78.620041
1.350000	0.750000	87.351494
1.200000	0.750000	96.872360
1.050000	0.750000	107.454674
0.900000	0.750000	119.184402
0.750000	0.750000	132.463120
0.600000	0.750000	147.245255
0.450000	0.750000	163.673050
0.300000	0.750000	181.511307
0.150000	0.750000	201.269440
-0.000000	0.750000	222.785767
-0.150000	0.750000	245.954742
-0.300000	0.750000	270.801514
-0.450000	0.750000	296.882385
-0.600000	0.750000	323.781433
-0.750000	0.750000	350.565582
-0.900000	0.750000	376.372864
-1.050000	0.750000	399.846252
-1.200000	0.750000	419.641998
-1.350000	0.750000	434.580017
-1.500000	0.750000	443.618713
-1.650000	0.750000	446.205170
-1.800000	0.750000	442.144379
-1.950000	0.750000	431.712585
-2.100000	0.750000	415.299988
-2.250000	0.750000	392.924835
-2.250000	0.600000	425.317871
-2.100000	0.600000	448.817383
-1.950000	0.600000	467.060852
-1.800000	0.600000	478.701996
-1.650000	0.600000	483.344818
-1.500000	0.600000	480.516785
-1.350000	0.600000	470.408203
-1.200000	0.600000	453.736511
-1.050000	0.600000	431.473694
-0.900000	0.600000	405.257416
-0.750000	0.600000	376.230042
-0.600000	0.600000	346.518494
-0.450000	0.600000	316.720032
-0.300000	0.600000	288.102051
-0.150000	0.600000	260.839630
0.000000	0.600000	235.410187
0.150000	0.600000	212.141937
0.300000	0.600000	190.683380
0.450000	0.600000	171.439850
0.600000	0.600000	153.956436
0.750000	0.600000	138.147675
0.900000	0.600000	123.951012
1.050000	0.600000	111.421341
1.200000	0.600000	100.230820
1.350000	0.600000	90.258652
1.500000	0.600000	81.108910
1.650000	0.600000	72.995956
1.800000	0.600000	65.787872
1.950000	0.600000	59.415478
2.100000	0.600000	53.789940
2.250000	0.600000	48.618137
2.250000	0.450000	49.218552
2.100000	0.450000	54.380505
1.950000	0.450000	60.108448
1.800000	0.450000	66.626480
1.650000	0.450000	74.043671
1.500000	0.450000	82.371567
1.350000	0.450000	91.771156
1.200000	0.450000	102.007469
1.050000	0.450000	113.610291
0.900000	0.450000	126.575668
0.750000	0.450000	141.360107
0.600000	0.450000	157.743118
0.450000	0.450000	175.998062
0.300000	0.450000	196.137360
0.150000	0.450000	218.699219
-0.000000	0.450000	243.143234
-0.150000	0.450000	269.748352
-0.300000	0.450000	298.833923
-0.450000	0.450000	329.162628
-0.600000	0.450000	360.889130
-0.750000	0.450000	392.652405
-0.900000	0.450000	423.699707
-1.050000	0.450000	451.936615
-1.200000	0.450000	475.919739
-1.350000	0.450000	493.962219
-1.500000	0.450000	504.920990
-1.650000	0.450000	508.041901
-1.800000	0.450000	503.129883
-1.950000	0.450000	490.755920
-2.100000	0.450000	471.509125
-2.250000	0.450000	446.664856
-2.250000	0.300000	455.238281
-2.100000	0.300000	480.383850
-1.950000	0.300000	499.862732
-1.800000	0.300000	512.266479
-1.650000	0.300000	517.275269
-1.500000	0.300000	513.990845
-1.350000	0.300000	502.600922
-1.200000	0.300000	483.997620
-1.050000	0.300000	459.310944
-0.900000	0.300000	430.113586
-0.750000	0.300000	398.214539
-0.600000	0.300000	365.580963
-0.450000	0.300000	333.219421
-0.300000	0.300000	302.052307
-0.150000	0.300000	272.562927
0.000000	0.300000	245.241776
0.150000	0.300000	220.319824
0.300000	0.300000	197.451080
0.450000	0.300000	176.952576
0.600000	0.300000	158.520523
0.750000	0.300000	141.834381
0.900000	0.300000	126.967140
1.050000	0.300000	113.807877
1.200000	0.300000	102.203072
1.350000	0.300000	91.813095
1.500000	0.300000	82.452858
1.650000	0.300000	74.053940
1.800000	0.300000	66.579788
1.950000	0.300000	60.122051
2.100000	0.300000	54.316277
2.250000	0.300000	49.236904
2.250000	0.150000	48.653557
2.100000	0.150000	53.580597
1.950000	0.150000	59.296562
1.800000	0.150000	65.635056
1.650000	0.150000	72.944054
1.500000	0.150000	81.188644
1.350000	0.150000	90.416924
1.200000	0.150000	100.647842
1.050000	0.150000	112.082787
0.900000	0.150000	124.980515
0.750000	0.150000	139.591537
0.600000	0.150000	155.945770
0.450000	0.150000	174.085663
0.300000	0.150000	194.233932
0.150000	0.150000	216.748657
-0.000000	0.150000	241.341797
-0.150000	0.150000	267.991638
-0.300000	0.150000	297.270020
-0.450000	0.150000	327.601624
-0.600000	0.150000	359.722351
-0.750000	0.150000	391.792114
-0.900000	0.150000	423.165527
-1.050000	0.150000	451.914490
-1.200000	0.150000	476.376770
-1.350000	0.150000	494.816742
-1.500000	0.150000	506.230408
-1.650000	0.150000	509.691742
-1.800000	0.150000	505.076965
-1.950000	0.150000	493.215088
-2.100000	0.150000	474.487640
-2.250000	0.150000	450.201477
-2.250000	0.000000	432.125000
-2.100000	0.000000	454.598145
-1.950000	0.000000	471.815491
-1.800000	0.000000	482.570160
-1.650000	0.000000	486.629242
-1.500000	0.000000	483.129333
-1.350000	0.000000	472.213959
-1.200000	0.000000	454.632172
-1.050000	0.000000	431.489746
-0.900000	0.000000	404.424652
-0.750000	0.000000	374.664886
-0.600000	0.000000	344.478058
-0.450000	0.000000	314.189270
-0.300000	0.000000	285.328308
-0.150000	0.000000	257.578491
0.000000	0.000000	232.208710
0.150000	0.000000	208.624710
0.300000	0.000000	187.363815
0.450000	0.000000	167.974731
0.600000	0.000000	150.746552
0.750000	0.000000	134.910538
0.900000	0.000000	121.025833
1.050000	0.000000	108.617432
1.200000	0.000000	97.699448
1.350000	0.000000	87.813965
1.500000	0.000000	78.840012
1.650000	0.000000	70.975113
1.800000	0.000000	63.971062
1.950000	0.000000	57.847919
2.100000	0.000000	52.377327
2.250000	0.000000	47.562294
2.400000	0.000000	42.246792
2.250000	-0.150000	46.014824
2.100000	-0.150000	50.577740
1.950000	-0.150000	55.763470
1.800000	-0.150000	61.528404
1.650000	-0.150000	68.136627
1.500000	-0.150000	75.508949
1.350000	-0.150000	83.955688
1.200000	-0.150000	93.357681
1.050000	-0.150000	103.645065
0.900000	-0.150000	115.209633
0.750000	-0.150000	128.150955
0.600000	-0.150000	142.801910
0.450000	-0.150000	158.980804
0.300000	-0.150000	177.026489
0.150000	-0.150000	196.609299
-0.000000	-0.150000	218.450317
-0.150000	-0.150000	241.659958
-0.300000	-0.150000	267.222534
-0.450000	-0.150000	293.551483
-0.600000	-0.150000	321.334900
-0.750000	-0.150000	348.995972
-0.900000	-0.150000	375.927856
-1.050000	-0.150000	400.669647
-1.200000	-0.150000	421.677429
-1.350000	-0.150000	437.760498
-1.500000	-0.150000	447.937988
-1.650000	-0.150000	451.447021
-1.800000	-0.150000	448.252777
-1.950000	-0.150000	438.855774
-2.100000	-0.150000	423.780426
-2.250000	-0.150000	404.022064
-2.250000	-0.300000	368.439392
-2.100000	-0.300000	385.226135
-1.950000	-0.300000	398.040710
-1.800000	-0.300000	405.816620
-1.650000	-0.300000	408.256348
-1.500000	-0.300000	404.906067
-1.350000	-0.300000	395.810486
-1.200000	-0.300000	381.442200
-1.050000	-0.300000	362.941467
-0.900000	-0.300000	341.250183
-0.750000	-0.300000	317.403870
-0.600000	-0.300000	293.111938
-0.450000	-0.300000	268.655487
-0.300000	-0.300000	245.172195
-0.150000	-0.300000	222.491455
0.000000	-0.300000	201.514542
0.150000	-0.300000	182.032196
0.300000	-0.300000	164.379425
0.450000	-0.300000	148.042603
0.600000	-0.300000	133.212128
0.750000	-0.300000	119.925987
0.900000	-0.300000	108.117966
1.050000	-0.300000	97.583260
1.200000	-0.300000	88.049530
1.350000	-0.300000	79.361519
1.500000	-0.300000	71.607994
1.650000	-0.300000	64.726669
1.800000	-0.300000	58.621712
1.950000	-0.300000	53.272148
2.100000	-0.300000	48.444588
2.250000	-0.300000	44.142227
2.250000	-0.450000	42.032940
2.100000	-0.450000	46.003654
1.950000	-0.450000	50.415592
1.800000	-0.450000	55.326855
1.650000	-0.450000	60.897388
1.500000	-0.450000	67.125069
1.350000	-0.450000	74.155914
1.200000	-0.450000	81.978317
1.050000	-0.450000	90.794785
0.900000	-0.450000	100.305641
0.750000	-0.450000	110.822617
0.600000	-0.450000	122.612656
0.450000	-0.450000	135.745621
0.300000	-0.450000	150.381607
0.150000	-0.450000	165.988678
-0.000000	-0.450000	183.066544
-0.150000	-0.450000	201.358658
-0.300000	-0.450000	221.177765
-0.450000	-0.450000	241.382736
-0.600000	-0.450000	262.432556
-0.750000	-0.450000	283.330627
-0.900000	-0.450000	303.557190
-1.050000	-0.450000	322.225525
-1.200000	-0.450000	338.121399
-1.350000	-0.450000	350.462708
-1.500000	-0.450000	358.408661
-1.650000	-0.450000	361.576111
-1.800000	-0.450000	359.880798
-1.950000	-0.450000	353.663086
-2.100000	-0.450000	343.292236
-2.250000	-0.450000	329.355743
-2.250000	-0.600000	289.674744
-2.100000	-0.600000	301.228973
-1.950000	-0.600000	309.579742
-1.800000	-0.600000	314.462708
-1.650000	-0.600000	315.602325
-1.500000	-0.600000	312.738129
-1.350000	-0.600000	305.880280
-1.200000	-0.600000	295.487244
-1.050000	-0.600000	282.164612
-0.900000	-0.600000	266.571808
-0.750000	-0.600000	249.518143
-0.600000	-0.600000	231.973541
-0.450000	-0.600000	214.230377
-0.300000	-0.600000	196.880951
-0.150000	-0.600000	180.092758
0.000000	-0.600000	164.440567
0.150000	-0.600000	149.659271
0.300000	-0.600000	135.957123
0.450000	-0.600000	123.280807
0.600000	-0.600000	111.884323
0.750000	-0.600000	101.578423
0.900000	-0.600000	92.272163
1.050000	-0.600000	83.637665
1.200000	-0.600000	75.811325
1.350000	-0.600000	68.756439
1.500000	-0.600000	62.528271
1.650000	-0.600000	56.947468
1.800000	-0.600000	51.966393
1.950000	-0.600000	47.489616
2.100000	-0.600000	43.482445
2.250000	-0.600000	39.731060
2.250000	-0.750000	37.189140
2.100000	-0.750000	40.812733
1.950000	-0.750000	44.410423
1.800000	-0.750000	48.449402
1.650000	-0.750000	52.905773
1.500000	-0.750000	57.834045
1.350000	-0.750000	63.358093
1.200000	-0.750000	69.508438
1.050000	-0.750000	76.426826
0.900000	-0.750000	84.018707
0.750000	-0.750000	92.335739
0.600000	-0.750000	101.260254
0.450000	-0.750000	111.044029
0.300000	-0.750000	121.933777
0.150000	-0.750000	133.565842
-0.000000	-0.750000	146.336273
-0.150000	-0.750000	159.585449
-0.300000	-0.750000	173.752228
-0.450000	-0.750000	188.174301
-0.600000	-0.750000	203.080063
-0.750000	-0.750000	217.736359
-0.900000	-0.750000	231.829620
-1.050000	-0.750000	244.711029
-1.200000	-0.750000	255.747116
-1.350000	-0.750000	264.396088
-1.500000	-0.750000	270.175079
-1.650000	-0.750000	272.704834
-1.800000	-0.750000	271.998566
-1.950000	-0.750000	268.188507
-2.100000	-0.750000	261.558411
-2.250000	-0.750000	251.384430
-2.100000	-0.900000	225.702026
-1.950000	-0.900000	231.054520
-1.800000	-0.900000	233.994476
-1.650000	-0.900000	234.469025
-1.500000	-0.900000	232.287598
-1.350000	-0.900000	227.531738
-1.200000	-0.900000	220.442703
-1.050000	-0.900000	211.343338
-0.900000	-0.900000	200.701706
-0.750000	-0.900000	189.020752
-0.600000	-0.900000	176.967773
-0.450000	-0.900000	164.698563
-0.300000	-0.900000	152.656601
-0.150000	-0.900000	140.676117
0.000000	-0.900000	129.390259
0.150000	-0.900000	118.675125
0.300000	-0.900000	108.854103
0.450000	-0.900000	99.684898
0.600000	-0.900000	91.317177
0.750000	-0.900000	83.353477
0.900000	-0.900000	76.132614
1.050000	-0.900000	69.517189
1.200000	-0.900000	63.566185
1.350000	-0.900000	58.183411
1.500000	-0.900000	53.355049
1.650000	-0.900000	48.992020
1.800000	-0.900000	45.024376
1.950000	-0.900000	41.441147
2.100000	-0.900000	38.162487
2.100000	-1.050000	35.434731
1.950000	-1.050000	38.497631
1.800000	-1.050000	41.699123
1.650000	-1.050000	45.168732
1.500000	-1.050000	48.990345
1.350000	-1.050000	53.200733
1.200000	-1.050000	57.859093
1.050000	-1.050000	62.984528
0.900000	-1.050000	68.660919
0.750000	-1.050000	74.865662
0.600000	-1.050000	81.675583
0.450000	-1.050000	89.054520
0.300000	-1.050000	96.916214
0.150000	-1.050000	105.146706
-0.000000	-1.050000	114.038979
-0.150000	-1.050000	123.421364
-0.300000	-1.050000	133.397125
-0.450000	-1.050000	143.528168
-0.600000	-1.050000	153.841309
-0.750000	-1.050000	163.746567
-0.900000	-1.050000	173.273041
-1.050000	-1.050000	181.944855
-1.200000	-1.050000	189.432007
-1.350000	-1.050000	195.262756
-1.500000	-1.050000	199.230576
-1.650000	-1.050000	201.090714
-1.800000	-1.050000	200.808670
-1.950000	-1.050000	198.466705
-2.100000	-1.050000	193.689423
-1.950000	-1.200000	170.666748
-1.800000	-1.200000	172.659958
-1.650000	-1.200000	172.882172
-1.500000	-1.200000	171.320679
-1.350000	-1.200000	168.066925
-1.200000	-1.200000	163.299927
-1.050000	-1.200000	157.217804
-0.900000	-1.200000	150.053207
-0.750000	-1.200000	142.031479
-0.600000	-1.200000	133.722733
-0.450000	-1.200000	125.194199
-0.300000	-1.200000	116.822121
-0.150000	-1.200000	108.564941
0.000000	-1.200000	100.758766
0.150000	-1.200000	93.257088
0.300000	-1.200000	86.160423
0.450000	-1.200000	79.330429
0.600000	-1.200000	73.045563
0.750000	-1.200000	67.242081
0.900000	-1.200000	61.959156
1.050000	-1.200000	57.116890
1.200000	-1.200000	52.719170
1.350000	-1.200000	48.644264
1.500000	-1.200000	44.998165
1.650000	-1.200000	41.628273
1.800000	-1.200000	38.578098
1.950000	-1.200000	35.698730
1.950000	-1.350000	32.839874
1.800000	-1.350000	35.588821
1.650000	-1.350000	38.292702
1.500000	-1.350000	41.246513
1.350000	-1.350000	44.416847
1.200000	-1.350000	47.933163
1.050000	-1.350000	51.727898
0.900000	-1.350000	55.866402
0.750000	-1.350000	60.361988
0.600000	-1.350000	65.248672
0.450000	-1.350000	70.575142
0.300000	-1.350000	76.340027
0.150000	-1.350000	82.439232
-0.000000	-1.350000	88.923737
-0.150000	-1.350000	95.530075
-0.300000	-1.350000	102.444359
-0.450000	-1.350000	109.331284
-0.600000	-1.350000	116.420738
-0.750000	-1.350000	123.247025
-0.900000	-1.350000	129.854736
-1.050000	-1.350000	135.778610
-1.200000	-1.350000	140.937927
-1.350000	-1.350000	144.908936
-1.500000	-1.350000	147.659882
-1.650000	-1.350000	148.948181
-1.800000	-1.350000	148.732483
-1.950000	-1.350000	146.259918
-1.800000	-1.500000	128.131973
-1.650000	-1.500000	128.682526
-1.500000	-1.500000	127.651329
-1.350000	-1.500000	125.395752
-1.200000	-1.500000	122.130722
-1.050000	-1.500000	117.892197
-0.900000	-1.500000	113.012589
-0.750000	-1.500000	107.552292
-0.600000	-1.500000	101.890167
-0.450000	-1.500000	96.034035
-0.300000	-1.500000	90.176796
-0.150000	-1.500000	84.239578
0.000000	-1.500000	78.530090
0.150000	-1.500000	73.009727
0.300000	-1.500000	67.863419
0.450000	-1.500000	63.011646
0.600000	-1.500000	58.515205
0.750000	-1.500000	54.340767
0.900000	-1.500000	50.511616
1.050000	-1.500000	46.943459
1.200000	-1.500000	43.667397
1.350000	-1.500000	40.641884
1.500000	-1.500000	37.850761
1.650000	-1.500000	35.275162
1.800000	-1.500000	32.762310
1.650000	-1.650000	32.310974
1.500000	-1.650000	34.692173
1.350000	-1.650000	37.157982
1.200000	-1.650000	39.785160
1.050000	-1.650000	42.611431
0.900000	-1.650000	45.707207
0.750000	-1.650000	48.981148
0.600000	-1.650000	52.554291
0.450000	-1.650000	56.355633
0.300000	-1.650000	60.457848
0.150000	-1.650000	64.796143
-0.000000	-1.650000	69.431549
-0.150000	-1.650000	74.230942
-0.300000	-1.650000	79.294151
-0.450000	-1.650000	84.325020
-0.600000	-1.650000	89.408516
-0.750000	-1.650000	94.203262
-0.900000	-1.650000	98.739471
-1.050000	-1.650000	102.785904
-1.200000	-1.650000	106.276039
-1.350000	-1.650000	108.978798
-1.500000	-1.650000	110.780029
-1.650000	-1.650000	111.354332
-1.500000	-1.800000	96.410118
-1.350000	-1.800000	95.196709
-1.200000	-1.800000	93.004013
-1.050000	-1.800000	90.075958
-0.900000	-1.800000	86.611427
-0.750000	-1.800000	82.677139
-0.600000	-1.800000	78.555405
-0.450000	-1.800000	74.272430
-0.300000	-1.800000	70.001282
-0.150000	-1.800000	65.758018
0.000000	-1.800000	61.698982
0.150000	-1.800000	57.791920
0.300000	-1.800000	54.112495
0.450000	-1.800000	50.626507
0.600000	-1.800000	47.358135
0.750000	-1.800000	44.314293
0.900000	-1.800000	41.436615
1.050000	-1.800000	38.964687
1.200000	-1.800000	36.318474
1.350000	-1.800000	34.080196
1.500000	-1.800000	31.764233
1.350000	-1.950000	30.888687
1.200000	-1.950000	33.209045
1.050000	-1.950000	35.370953
0.900000	-1.950000	37.708244
0.750000	-1.950000	40.133919
0.600000	-1.950000	42.751072
0.450000	-1.950000	45.594460
0.300000	-1.950000	48.580498
0.150000	-1.950000	51.717995
-0.000000	-1.950000	55.037579
-0.150000	-1.950000	58.459023
-0.300000	-1.950000	62.047295
-0.450000	-1.950000	65.620293
-0.600000	-1.950000	69.240883
-0.750000	-1.950000	72.710373
-0.900000	-1.950000	76.005455
-1.050000	-1.950000	78.930260
-1.200000	-1.950000	81.343941
-1.350000	-1.950000	82.710960
-1.050000	-2.100000	69.167213
-0.900000	-2.100000	66.951180
-0.750000	-2.100000	64.248810
-0.600000	-2.100000	61.360863
-0.450000	-2.100000	58.344360
-0.300000	-2.100000	55.305016
-0.150000	-2.100000	52.278412
0.000000	-2.100000	49.342056
0.150000	-2.100000	46.493122
0.300000	-2.100000	43.786919
0.450000	-2.100000	41.183388
0.600000	-2.100000	38.784081
0.750000	-2.100000	36.463348
0.900000	-2.100000	34.342739
1.050000	-2.100000	32.258190
0.750000	-2.250000	32.917530
0.600000	-2.250000	35.127880
0.450000	-2.250000	37.331078
0.300000	-2.250000	39.530483
0.150000	-2.250000	41.903786
-0.000000	-2.250000	44.345768
-0.150000	-2.250000	46.839989
-0.300000	-2.250000	49.432671
-0.450000	-2.250000	51.975464
-0.600000	-2.250000	54.446239
-0.750000	-2.250000	56.581249
0.000000	-2.400000	39.223057
